103,108925,5,1
75,1806395,5,1
122,13410483,5,1
10,18883,2,1
44,1352496,5,1
48,1808687,5,1
24,1817760,3,1
13,742628,2,1
57,1793004,5,1
119,1806712,5,1
0,293554,0,1
10,1788141,2,1
1,1484359,1,1
18,249028,3,1
37,1800045,5,2
188,4897,5,1
0,271839,0,2
1,31913,1,1
184,1801944,5,1
30,1805010,4,1
15,1824100,2,1
33,134374,5,1
55,1802826,5,6
29,2111651,4,1
106,1805565,5,1
10,9281,2,1
22,61341465,3,1
1,1664504,1,1
1,1807428,1,2
60,1843309,5,1
8,1805739,1,2
159,4510280,5,1
52,1808506,5,1
13,1818069,2,2
11,3635,2,1
12,1805521,2,1
161,1803515,5,1
99,1330614,5,3
5,2360341,1,1
98,1808324,5,1
8,1813250,1,1
89,1805121,5,1
81,1018104,5,1
6,1807305,1,1
64,1805432,5,1
97,1829242,5,1
0,257004,0,1
104,5423398,5,1
63,1572327,5,1
28,1805891,4,1
143,1803286,5,1
31,1802255,5,3
1,3672583,1,1
125,1801560,5,1
0,1761637,0,6
38,56796,5,1
12,1802819,2,1
6,1802718,1,4
0,5291,0,1
45,2031422,5,1
2,16328,1,1
38,1814605,5,1
0,118641,0,1
17,1663306,2,1
32,1800828,5,2
3,1610538,1,1
166,7351629,5,1
60,5133641,5,2
9,1772428,2,1
0,1457613,0,1
24,1806032,3,1
120,1593078,5,1
50,1822179,5,1
140,1802958,5,2
9,2722,2,1
63,166190,5,1
41,1786887,5,1
39,1812189,5,1
17,62314,2,1
8,55781,1,1
10,27498,2,1
60,1818115,5,2
35,1803502,5,3
40,1808738,5,1
52,1807178,5,1
20,1818947,3,1
21,1807304,3,1
23,1522180,3,1
0,1832660,0,1
8,1481985,1,1
19,33787,3,2
64,1804762,5,1
122,1802010,5,3
0,36414,0,1
26,1801636,3,3
22,1802246,3,3
74,1786828,5,1
11,1715327,2,1
50,1736217,5,1
14,425588,2,1
49,1801977,5,4
38,46588,5,1
21,4671672,3,1
36,1798587,5,1
99,1811136,5,1
9,1768784,2,1
39,17570,5,1
84,1808587,5,1
93,1802532,5,1
18,1559346,3,1
1,2115789,1,1
9,15437,2,1
0,92052,0,1
14,394770,2,2
3,1802387,1,1
12,1828300,2,1
71,1395900,5,1
25,29869,3,1
22,7917,3,1
7,208591,1,1
52,1815932,5,1
8,1793045,1,1
53,307147,5,1
45,198309,5,1
16,1502984,2,1
67,16857,5,1
27,312818,4,1
7,453722,1,1
0,1817693,0,1
20,35801,3,1
6,98125,1,2
32,1802948,5,2
20,20936,3,1
41,14263580,5,1
28,84732,4,1
1,484283,1,2
0,193873,0,1
64,1803893,5,1
67,1815106,5,1
44,1833498,5,1
161,94985,5,1
0,1846433,0,2
34,1801039,5,2
7,1802694,1,1
11,15650,2,1
152,1821934,5,1
61,1427822,5,2
111,1807862,5,1
9,2142281,2,1
0,61956,0,1
89,1803663,5,1
78,9196096,5,1
25,1805402,3,1
14,1809767,2,1
199,1810084,5,1
30,1800084,4,1
8,944043,1,1
137,1805857,5,1
0,1857735,0,4
31,70113,5,1
34,949216,5,4
0,469459,0,1
1,1858091,1,1
30,1918027,4,2
144,113549,5,1
1,1772464,1,1
143,1782745,5,1
88,2597644,5,1
109,1810120,5,1
4,545875,1,1
49,1809210,5,2
106,1802166,5,2
61,1812479,5,1
53,536524,5,1
76,1802766,5,1
37,1838737,5,1
55,2010689,5,1
9,1815411,2,2
19,1806909,3,3
25,1803015,3,3
36,1797646,5,2
9,1325786,2,1
18,1810059,3,1
184,1801860,5,1
4,1786759,1,1
37,1799985,5,2
44,18532,5,1
3,1491354,1,1
28,646438,4,1
74,1804234,5,1
147,1455794,5,1
10,1164010,2,1
0,278472,0,1
36,2020605,5,1
0,237019,0,1
6,3249,1,1
11,810536,2,1
0,2511466,0,1
15,1816967,2,1
2,1072246,1,1
19,1804521,3,3
101,1780107,5,1
4,1891403,1,1
193,1802363,5,3
29,1798611,4,1
25,874779,3,1
9,670116,2,1
30,1799060,4,2
10,38673,2,1
15,1807804,2,1
143,1801679,5,1
34,1814287,5,1
17,495113,2,2
36,1426936,5,1
35,1818982,5,1
2,748328,1,2
22,1817975,3,1
124,206947,5,1
0,1789620,0,1
21,1798067,3,1
5,2144844,1,1
82,1809747,5,1
190,1387827,5,1
129,1828844,5,1
12,1828240,2,1
18,591431,3,1
8,513773,1,1
25,2207058,3,3
16,1805578,2,2
40,1801839,5,2
8,1858738,1,1
19,1808237,3,1
7,1301716,1,1
11,43032,2,1
4,1585966,1,1
63,2454309,5,2
111,1825501,5,1
52,18107,5,1
188,1801038,5,1
2,538762,1,1
109,8103,5,1
14,10226126,2,1
65,224976,5,1
29,18877,4,1
55,2677,5,1
39,1800336,5,2
16,1803015,2,1
7,1812067,1,3
64,1810560,5,2
1,1544194,1,1
159,570376,5,1
49,1738008,5,1
37,188689,5,1
34,1775118,5,1
95,1379369,5,1
31,1803676,5,2
71,279371,5,1
5,1806448,1,1
74,1803210,5,2
0,1904971,0,1
87,1793832,5,1
54,944016,5,1
32,1801938,5,3
10,806277,2,2
125,1805102,5,1
46,1804051,5,1
120,1797726,5,1
19,803546,3,1
0,43003,0,1
41,1809109,5,1
6,82796,1,1
11,1799096,2,2
36,2071069,5,1
11,97389,2,1
69,1785238,5,1
9,1780466,2,1
52,316979,5,1
67,1789248,5,3
4,1799804,1,2
6,1798770,1,1
37,1857143,5,1
18,183162,3,1
8,19114,1,1
2,3929458,1,1
49,55481,5,1
35,1788316,5,1
14,742436,2,3
49,1809585,5,1
59,1801731,5,1
17,1802842,2,1
167,1801069,5,1
9,486913,2,1
9,18665352,2,2
19,8795,3,1
1,1651437,1,1
24,1675333,3,2
11,50988,2,1
113,86996,5,1
9,448601,2,1
1,337790,1,1
102,1813819,5,1
23,187583,3,1
76,1816151,5,1
28,9940850,4,1
48,1693253,5,1
95,1804626,5,2
2,92438,1,1
14,501369,2,1
78,1801644,5,1
50,522433,5,3
12,131949,2,1
0,42096,0,1
9,1814060,2,1
0,145278,0,1
27,1809405,4,2
2,909218,1,1
132,72486,5,1
47,750900,5,1
72,1607808,5,1
0,1529548,0,1
32,1819236,5,7
5,9542,1,1
28,1800835,4,1
49,1802747,5,6
10,1708193,2,1
7,1803230,1,3
132,44099,5,1
61,1809417,5,1
47,1807157,5,1
2,14464,1,1
166,1803676,5,1
19,1718615,3,1
2,1796302,1,1
30,1755109,4,1
107,1803980,5,1
31,5950,5,1
5,12544,1,1
4,1673327,1,1
18,475739,3,1
6,557909,1,1
185,1806874,5,1
4,1520607,1,1
3,1802083,1,1
5,1804429,1,2
158,1803447,5,1
113,1804210,5,1
16,1812663,2,2
112,1937711,5,1
40,1105778,5,1
31,1810819,5,1
29,548910,4,1
32,2798,5,1
1,2325,1,1
2,337318,1,1
46,1801602,5,2
200,1801507,5,1
147,1801825,5,1
111,1803014,5,1
6,1788560,1,2
141,10215720,5,1
14,1850818,2,1
7,1809498,1,1
3,1576906,1,1
64,1809385,5,1
2,918510,1,2
19,1800216,3,1
1,1087968,1,2
24,1802842,3,3
23,265390,3,1
4,1802740,1,1
24,1857232,3,1
1,1546006,1,1
0,1275587,0,1
68,1826471,5,1
189,1802923,5,1
8,14430,1,1
18,1798069,3,1
166,1807480,5,1
35,1802998,5,2
29,1812553,4,1
3,1807008,1,1
88,1800648,5,1
99,1802883,5,1
13,410521,2,1
32,558721,5,1
7,1794368,1,1
135,1741729,5,1
23,1734441,3,1
2,1811188,1,3
28,1802195,4,3
65,19887,5,1
7,78328,1,1
0,238479,0,1
7,924548,1,2
2,1758363,1,1
16,152341,2,1
12,1783448,2,2
28,1808496,4,2
69,1784608,5,2
23,1811395,3,2
63,18232,5,1
15,1801368,2,4
0,1728719,0,1
70,920599,5,1
5,415679,1,1
11,1802483,2,9
22,1817187,3,1
78,1608155,5,1
15,172893,2,1
34,4292846,5,1
2,1805056,1,2
1,15205,1,1
1,1771412,1,1
17,6625,2,1
44,1797224,5,2
46,1130709,5,1
5,2039694,1,1
0,1210535,0,1
64,163746,5,1
96,1845624,5,1
74,1816739,5,1
67,1801053,5,1
9,1859804,2,1
27,7886,4,1
0,315617,0,1
3,22408,1,1
119,1811484,5,1
1,60197,1,1
149,1805644,5,2
20,1806997,3,1
0,847645,0,2
81,1801776,5,1
4,1806412,1,1
43,1801215,5,2
35,10947,5,1
91,1821919,5,1
0,1118854,0,1
102,2007047,5,2
19,6701703,3,2
19,63108,3,1
46,780425,5,1
38,186097,5,1
94,1816725,5,2
77,120341,5,1
12,1818737,2,1
1,1666371,1,1
5,1532168,1,1
190,1798968,5,2
40,891691,5,1
107,1804205,5,1
15,3263143,2,2
3,351050,1,1
31,1803851,5,2
10,195282,2,1
8,1647726,1,2
11,1791577,2,2
103,1814449,5,1
6,88914,1,1
12,1320440,2,1
7,1801880,1,3
121,730137,5,1
39,1801031,5,2
1,1790519,1,1
2,79544,1,1
10,1801494,2,2
167,845106,5,1
148,1801357,5,1
47,1809606,5,1
12,1810110,2,1
13,1803854,2,3
35,1489817,5,1
115,1803135,5,1
40,1802301,5,1
1,1423591,1,1
191,22982,5,1
2,1920681,1,1
16,92155,2,1
19,13932686,3,1
27,1523720,4,1
85,1802879,5,1
3,1803032,1,1
0,38753,0,1
34,302368,5,1
169,1801765,5,1
194,193877,5,1
43,1807011,5,2
4,1141884,1,1
46,1802436,5,2
34,92613,5,2
8,218848,1,1
83,1801987,5,1
117,1755227,5,1
2,1417451,1,1
8,1789767,1,1
40,59406,5,1
1,98897,1,2
1,303252,1,5
24,1768187,3,1
17,1807330,2,1
52,1802682,5,2
86,1801661,5,1
131,1806942,5,1
14,810620,2,1
49,7207071,5,1
127,1819361,5,2
31,1803126,5,1
50,1803740,5,1
20,229695,3,1
62,876309,5,2
98,1801393,5,2
50,1800281,5,2
94,1802570,5,1
32,1806507,5,2
38,1792666,5,1
38,1802379,5,1
94,1796025,5,1
104,380351,5,1
17,1834845,2,1
159,1803167,5,1
2,1714653,1,1
6,46938,1,1
4,14101,1,1
33,2097378,5,1
5,950398,1,2
159,840438,5,1
49,1801758,5,2
43,385675,5,1
11,374390,2,2
149,190283,5,1
10,352444,2,1
5,1077271,1,1
0,355371,0,2
69,51525,5,1
72,1802380,5,1
55,1800824,5,1
27,1800128,4,1
0,1299575,0,1
44,1721796,5,1
10,1799718,2,2
62,7037,5,1
5,1807877,1,1
27,1806643,4,1
0,215986,0,1
9,754564,2,1
94,1826488,5,1
56,164645,5,1
1,1287841,1,1
0,1814416,0,2
4,68353,1,1
20,1811323,3,5
52,10674046,5,3
152,1797356,5,1
68,117336,5,1
61,14264781,5,1
126,1805187,5,2
9,1802871,2,3
2,54508,1,1
5,1721219,1,1
4,1826452,1,1
0,1697502,0,1
30,1775264,4,1
12,1957625,2,1
6,1894542,1,1
113,1802136,5,1
38,94741,5,1
41,1814046,5,1
37,1289511,5,1
113,1801893,5,1
30,1025016,4,2
1,1802775,1,3
32,178918,5,1
41,1803962,5,1
13,1802231,2,1
7,9447,1,1
10,1816608,2,1
11,1753849,2,1
1,1832078,1,1
55,1799204,5,1
6,596283,1,2
14,4038085,2,1
190,1803390,5,1
38,60649,5,1
38,1807678,5,1
1,62880,1,1
4,1877931,1,1
22,1578475,3,1
10,1816242,2,1
20,415885,3,1
5,91558,1,1
0,1807292,0,2
49,199624,5,2
7,1911638,1,1
85,1810456,5,1
113,1820580,5,1
0,984707,0,4
2,1805069,1,1
40,1457537,5,1
96,1818992,5,1
35,101809,5,1
87,1798455,5,1
23,1483554,3,1
49,1801936,5,2
24,51613,3,1
1,1774306,1,2
16,1803245,2,4
46,1801488,5,2
35,1781377,5,1
64,1802253,5,2
28,1803110,4,3
0,1005235,0,5
77,1798217,5,1
17,1824405,2,2
3,1804763,1,1
37,1801095,5,2
20,1789416,3,1
28,5285066,4,1
60,1836067,5,1
55,28387,5,1
21,1692416,3,2
43,1863781,5,1
1,1252768,1,4
62,452662,5,1
15,11914,2,1
47,1802409,5,9
18,1791834,3,1
119,4719,5,1
38,1811409,5,1
30,1857613,4,1
5,1814411,1,1
11,619111,2,1
26,1028624,3,1
26,1820207,3,1
7,82846,1,1
19,1199378,3,1
28,1799281,4,3
70,1933764,5,1
4,1848236,1,1
193,1804546,5,2
2,1874450,1,1
6,1802442,1,2
43,1799484,5,1
179,1801994,5,2
8,701960,1,1
17,1808673,2,1
8,452175,1,1
26,395094,3,2
0,419208,0,2
3,1337186,1,1
29,1766013,4,1
163,1804208,5,1
169,1808010,5,1
38,2290306,5,1
81,1808397,5,1
5,1787464,1,2
57,1799181,5,2
134,404910,5,1
15,87992,2,1
10,1812827,2,2
3,1053330,1,1
25,1803393,3,3
7,32439,1,1
9,1859602,2,1
40,1861220,5,2
42,1613974,5,2
2,1786309,1,1
18,38577,3,1
8,1800388,1,2
12,452247,2,1
3,1813200,1,2
137,1806926,5,1
27,105237,4,1
29,440348,4,1
149,1786487,5,1
2,2475246,1,1
3,1802094,1,2
44,14107,5,1
80,1802546,5,1
36,1917059,5,1
14,11053280,2,1
1,221895,1,1
37,1808756,5,1
50,1806013,5,2
63,1826092,5,1
14,1712918,2,1
2,7961,1,1
13,31302,2,1
12,1805067,2,1
22,1798201,3,1
173,1802174,5,1
44,109031,5,1
64,1816815,5,1
16,808246,2,2
65,1804779,5,2
62,1799026,5,3
9,990073,2,1
23,4279900,3,1
11,1830665,2,1
105,1808308,5,1
0,94359,0,1
14,134463,2,1
47,1408137,5,1
11,1809825,2,1
0,1769108,0,2
94,3519151,5,1
3,1976237,1,1
0,468390,0,2
38,1801278,5,1
74,1811129,5,1
5,1802307,1,4
66,1782732,5,1
59,1804104,5,1
133,1823278,5,1
3,58667,1,1
23,1805110,3,1
15,1875250,2,1
63,1828351,5,3
9,1729756,2,1
16,1785308,2,1
30,1002232,4,2
0,451639,0,1
49,167454,5,1
108,23110469,5,1
25,1812102,3,1
6,1800065,1,2
45,1876350,5,1
94,1805943,5,1
51,76346,5,1
2,75873,1,1
7,144235,1,1
61,1802134,5,1
166,1802701,5,1
29,21683,4,1
3,28250,1,1
197,1986548,5,69
8,12383473,1,1
0,131170,0,1
37,309556,5,1
10,2418978,2,1
103,1802789,5,1
5,597951,1,1
82,1559246,5,1
106,1791176,5,1
4,102000,1,1
47,1811497,5,1
5,1814689,1,1
6,9837,1,1
10,1859401,2,1
139,1804488,5,1
16,1572099,2,1
10,1678812,2,1
124,1806208,5,2
41,30077,5,1
6,59655,1,1
3,1804325,1,2
102,1802483,5,1
2,564664,1,1
159,2785666,5,1
12,1815338,2,1
8,339590,1,1
176,1802251,5,1
43,289132,5,3
17,1351320,2,1
2,1811031,1,2
32,1518013,5,1
34,1801625,5,3
38,2136149,5,1
1,107626,1,1
69,1802229,5,2
37,1804284,5,2
12,1800674,2,1
26,1826202,3,1
5,92757,1,1
3,307826,1,1
16,139696,2,2
24,1804025,3,1
4,1217449,1,1
87,55456,5,1
0,9248006,0,1
19,284248,3,1
15,54220,2,1
0,19938,0,1
12,1803610,2,2
92,1801420,5,1
61,1804318,5,2
23,318588,3,1
1,701807,1,1
0,1830436,0,1
75,28768,5,1
9,1809839,2,1
45,1802769,5,1
55,1802199,5,2
15,3203832,2,1
124,1813942,5,1
2,1805932,1,2
13,1801012,2,1
10,1701372,2,1
45,1807959,5,1
39,13924844,5,1
5,1245667,1,3
13,1815646,2,1
0,25926,0,1
163,1810663,5,1
80,1805918,5,2
6,509178,1,1
46,6286075,5,1
20,10792,3,1
76,1809981,5,1
191,43740,5,1
3,688819,1,1
23,9386555,3,1
183,1801884,5,1
41,1840056,5,2
0,7298,0,1
1,11122,1,1
78,1812177,5,2
68,1805065,5,2
33,1731276,5,3
2,108431,1,1
0,27369,0,1
1,1778894,1,1
23,2713992,3,1
35,1809873,5,1
5,1804355,1,2
27,98717,4,1
12,1208302,2,1
5,1829836,1,1
6,1856625,1,1
113,1804156,5,1
6,1801491,1,1
0,1805321,0,1
5,781118,1,1
1,786192,1,1
11,1803707,2,4
11,1081132,2,1
7,27536,1,1
61,1804417,5,1
49,1051654,5,1
1,2149943,1,1
31,1657530,5,1
39,1821913,5,1
21,9820348,3,1
28,233823,4,1
87,180288,5,2
13,1819400,2,1
57,66429,5,1
35,57767914,5,3
0,831714,0,1
18,22808,3,2
105,22334,5,1
17,1807949,2,2
5,15969,1,1
125,1804395,5,1
2,1802387,1,3
11,1805275,2,6
20,162275,3,1
59,1813363,5,1
7,174590,1,1
21,1693635,3,2
50,1806147,5,1
2,1708047,1,1
22,1812674,3,1
45,98370,5,1
48,1804377,5,1
9,1814006,2,2
10,1795449,2,1
80,1805752,5,3
3,705827,1,1
58,1803077,5,3
5,675967,1,1
56,6146,5,1
9,3670469,2,1
8,2138680,1,1
1,639983,1,1
26,4181,3,1
113,614752,5,1
0,1806192,0,3
0,123719,0,2
8,183975,1,1
88,1805722,5,1
29,1794500,4,1
72,40176,5,1
0,1830319,0,1
2,19603,1,1
26,16662812,3,1
15,1000357,2,1
75,866076,5,1
62,42183,5,1
12,1787531,2,1
59,1786276,5,1
11,68597,2,1
18,20343,3,1
26,1862009,3,1
0,1885680,0,1
154,1804552,5,1
5,62080,1,1
6,1157937,1,1
140,1799636,5,1
3,1202165,1,1
0,1730088,0,1
21,1804686,3,1
121,1806684,5,1
30,260952,4,2
3,1405240,1,1
9,621491,2,1
43,595615,5,1
117,649958,5,2
0,173219,0,1
60,11047,5,1
184,1807028,5,1
38,21152,5,1
22,97689,3,1
23,1801879,3,1
185,1818882,5,1
106,1803874,5,1
179,1822776,5,1
52,1013728,5,2
80,1805431,5,1
23,798403,3,1
6,1815026,1,1
5,668527,1,1
34,821758,5,1
14,1549774,2,1
62,1803231,5,1
46,1804525,5,2
3,1880714,1,1
11,229935,2,1
16,1791818,2,1
86,1851257,5,2
45,15637179,5,1
44,467182,5,2
102,1804661,5,1
6,1826962,1,1
118,1802178,5,1
0,1468829,0,1
59,3340633,5,1
124,15400243,5,1
14,28431,2,1
13,1801711,2,3
53,91900,5,1
65,1177778,5,3
5,68595,1,1
8,1736677,1,1
26,1804833,3,3
10,1804170,2,2
15,336957,2,1
2,1787824,1,1
18,134488,3,1
4,1249429,1,1
29,24971156,4,1
7,1845578,1,1
22,905138,3,1
10,161560,2,1
9,129139,2,1
13,881229,2,1
9,1650563,2,1
2,1821889,1,1
27,29898,4,1
4,1217570,1,2
24,760566,3,1
2,1814131,1,2
108,1482974,5,1
140,1805393,5,1
5,1798866,1,1
25,1899430,3,2
6,1787621,1,1
25,1379270,3,1
74,1804278,5,3
46,37569132,5,1
24,29515,3,1
29,1816281,4,5
5,16780,1,1
64,7908030,5,1
7,1794872,1,1
159,1801628,5,1
5,316338,1,1
17,1753453,2,1
27,3957714,4,1
52,1802022,5,1
9,26912,2,1
5,1570603,1,1
1,501740,1,1
144,1804758,5,1
129,1815261,5,1
109,25359,5,1
12,934164,2,2
28,14275,4,1
193,1806037,5,1
1,1464941,1,2
5,971685,1,1
1,1740395,1,1
11,1794864,2,1
70,1801115,5,1
150,1823712,5,1
27,2888937,4,2
4,1118979,1,1
16,1806893,2,1
0,1656540,0,1
7,231703,1,1
19,1741770,3,1
172,1803928,5,2
0,1850602,0,2
7,1788828,1,1
16,1014053,2,1
33,1803295,5,2
10,423358,2,1
25,1785593,3,1
10,1802777,2,3
102,1801116,5,1
25,1425746,3,1
8,240925,1,1
48,1799202,5,1
24,1804929,3,1
14,1661700,2,1
8,1790537,1,1
54,6843298,5,1
8,1059692,1,1
0,1802707,0,2
0,2196258,0,1
6,22350,1,1
2,247006,1,1
6,1843311,1,2
0,966193,0,1
2,376087,1,1
9,1813813,2,1
8,35190,1,1
24,1799737,3,2
27,1801751,4,2
46,1799476,5,1
5,1797479,1,2
45,1174732,5,2
3,891723,1,1
45,1808943,5,1
60,1798003,5,1
0,2456995,0,1
107,1707887,5,1
65,1800266,5,1
161,1801648,5,1
190,1805816,5,1
76,2073235,5,1
5,1813504,1,1
147,387900,5,1
79,1801315,5,1
33,19556306,5,1
10,1852392,2,1
93,1802613,5,2
71,1801395,5,1
2,103976,1,1
2,22964,1,1
21,1804002,3,2
25,1804280,3,1
31,4046,5,1
109,1895509,5,1
68,172896,5,1
16,1802920,2,1
195,1812156,5,2
64,1666380,5,1
54,1802118,5,3
18,1792579,3,1
11,1343069,2,1
18,1817776,3,1
127,1821494,5,1
6,1118963,1,2
9,1803619,2,3
85,3302965,5,1
36,1784828,5,1
7,38237,1,1
3,1801445,1,2
19,3018287,3,7
52,1576915,5,1
7,146316,1,1
194,1803262,5,1
22,1801663,3,2
153,1802625,5,1
4,1347918,1,1
4,1142276,1,1
98,1801067,5,2
31,49561,5,1
6,25918,1,1
23,1798233,3,1
23,1808279,3,1
44,1806670,5,8
5,1095432,1,1
1,1001679,1,1
3,1081729,1,1
1,156696,1,1
17,1291536,2,1
41,2099176,5,1
38,1695383,5,1
185,628677,5,1
21,1233141,3,1
2,1407423,1,1
96,1169669,5,1
47,1815480,5,1
4,670421,1,1
86,1801976,5,1
85,665417,5,1
88,1348042,5,1
9,1575199,2,1
13,1802562,2,12
29,170904,4,1
9,5211118,2,1
109,1709378,5,2
37,1803307,5,2
5,39676,1,1
8,5924068,1,1
1,1063347,1,1
28,1798826,4,1
95,1806036,5,2
75,1806792,5,1
0,1813879,0,1
11,1803426,2,1
161,1800125,5,1
28,1398317,4,1
20,510824,3,1
5,1791160,1,1
116,1802128,5,1
15,978947,2,1
29,1796776,4,1
16,1441090,2,1
136,1798365,5,2
51,1803453,5,3
5,1809229,1,2
49,1795629,5,1
101,1829089,5,1
28,1606527,4,1
11,1779928,2,1
43,1817727,5,1
7,3628074,1,1
12,1760299,2,2
176,1802235,5,1
0,1800692,0,1
1,129103,1,1
34,151369,5,1
19,1799436,3,2
97,1803318,5,1
22,595707,3,2
27,1814164,4,1
20,1809023,3,2
19,2390847,3,1
15,1421023,2,1
39,82232,5,1
177,32062,5,1
77,5009986,5,1
3,1803616,1,2
80,1803961,5,2
24,1267996,3,1
56,1805386,5,1
31,1801513,5,1
0,1662313,0,1
9,878143,2,1
0,1780137,0,1
31,495476,5,1
9,1784237,2,2
28,1874701,4,1
54,1804387,5,1
42,65008,5,1
5,37378,1,1
29,1699037,4,1
63,1789132,5,1
15,1832141,2,1
178,1807450,5,1
32,53288,5,1
34,788337,5,1
13,224549,2,1
33,1802037,5,2
7,1661761,1,1
0,939265,0,2
4,24510,1,1
5,1841563,1,1
0,1904578,0,5
48,1811795,5,5
7,1874153,1,1
22,1811906,3,1
6,1833291,1,2
22,56341,3,1
44,1805900,5,1
10,1595753,2,1
11,1814915,2,1
15,1802172,2,1
32,1801438,5,2
7,16912,1,1
34,1811452,5,1
3,61085,1,2
59,43897,5,1
4,1601408,1,1
12,1799764,2,1
2,275806,1,1
8,22064933,1,1
86,1834058,5,1
5,1810686,1,2
6,1760809,1,1
11,1813144,2,3
13,1870332,2,2
36,922164,5,1
142,1818045,5,1
92,3846399,5,1
1,190359,1,1
4,820661,1,1
27,1820026,4,1
51,738089,5,1
36,4191959,5,2
49,1803954,5,1
35,5304351,5,1
27,1720658,4,1
1,1879807,1,2
8,1144475,1,1
35,1801124,5,2
1,1750201,1,1
1,1802579,1,4
82,1803641,5,2
35,166710,5,1
12,1370649,2,1
25,2531477,3,1
8,1818911,1,1
0,1533035,0,1
33,1313670,5,1
49,5892,5,1
60,1838699,5,1
14,2669750,2,1
24,187031,3,1
73,1801044,5,1
31,1806873,5,1
123,1801790,5,1
12,310155,2,1
6,1805936,1,3
173,1801926,5,1
87,1799247,5,2
88,1801600,5,1
62,2146058,5,1
14,1031769,2,2
181,1804046,5,1
82,1797306,5,1
18,1802057,3,3
69,1804022,5,1
37,1786656,5,1
28,1346214,4,1
1,13507190,1,1
18,1747918,3,1
94,1813703,5,1
5,1800816,1,1
5,6280485,1,1
4,1822517,1,1
76,1809956,5,1
28,5286429,4,1
19,7116,3,1
61,114322,5,1
26,1820920,3,1
174,1802297,5,1
3,1461269,1,1
6,916617,1,1
1,866915,1,1
1,39015,1,1
5,22104,1,1
9,1795473,2,2
84,1806790,5,1
83,1814754,5,1
5,1688696,1,1
23,1679389,3,1
0,1799336,0,1
22,1804139,3,1
2,1696865,1,1
5,891107,1,1
192,1832808,5,1
0,65482,0,1
4,1523905,1,1
18,1801147,3,2
3,74812,1,1
52,1802252,5,2
59,241083,5,1
13,1749038,2,1
99,1802836,5,1
5,1074552,1,2
25,1817974,3,1
8,794277,1,1
50,1813710,5,1
0,1758902,0,1
1,35215735,1,1
30,1809577,4,1
38,1805837,5,2
29,241668,4,1
1,1723708,1,1
12,1818017,2,1
15,1797989,2,1
6,1800597,1,1
27,1813607,4,1
0,1985050,0,1
16,1745412,2,1
0,29732,0,2
68,1809238,5,1
23,1644828,3,1
8,1021833,1,1
22,281268,3,1
196,1799134,5,1
183,1804336,5,2
29,1809134,4,1
0,459307,0,1
6,6609911,1,1
1,49004,1,1
3,1819317,1,2
23,387905,3,1
40,1825510,5,1
2,896078,1,3
26,1697384,3,1
39,1801969,5,1
57,98050,5,1
36,12844,5,1
14,1703613,2,1
65,1821109,5,1
9,1039963,2,1
140,1846736,5,1
110,91692,5,1
3,1831002,1,1
67,1687938,5,2
37,1856413,5,2
1,1808102,1,1
15,1810738,2,1
6,1644590,1,1
32,1811024,5,2
3,1946700,1,1
1,1813305,1,1
0,1800967,0,1
70,1813943,5,1
46,1801557,5,2
6,10715,1,1
70,1802575,5,2
105,767127,5,1
0,118092,0,1
75,1809833,5,1
9,1183237,2,1
89,1818448,5,2
3,1152926,1,1
1,1804028,1,2
29,3251596,4,1
6,1801636,1,3
3,1776888,1,1
200,1806443,5,1
52,3155154,5,1
45,1802193,5,2
0,61263,0,1
110,1803611,5,2
8,1144826,1,1
12,1641562,2,1
10,114046,2,1
34,1805653,5,4
2,1812608,1,1
9,1825265,2,1
124,1805146,5,2
92,1802508,5,2
7,48747,1,1
7,22949,1,1
1,1815571,1,1
26,1773408,3,5
6,915322,1,2
8,1806371,1,1
36,356761,5,1
192,1806372,5,2
0,176939,0,1
20,358130,3,1
2,1802276,1,1
3,1768189,1,1
48,1813197,5,4
66,1812366,5,1
1,16125844,1,1
97,1805737,5,1
95,1804244,5,1
5,1827878,1,1
195,1802938,5,1
79,1808642,5,1
17,1364470,2,1
16,33605837,2,1
29,1803574,4,3
22,56393,3,1
15,1797030,2,1
44,1815503,5,1
63,1823655,5,1
65,1809430,5,1
51,1720908,5,1
6,1846477,1,1
9,1778923,2,1
110,1854037,5,1
15,656928,2,1
20,3674230,3,5
4,1802235,1,5
45,219659,5,1
1,297849,1,1
5,187004,1,1
69,196054,5,1
0,42772196,0,1
1,2661473,1,3
7,169060,1,1
5,1415581,1,7
42,1800179,5,1
7,1801917,1,1
35,1804527,5,1
61,1785687,5,1
23,1801316,3,1
0,87736,0,1
114,1802417,5,3
43,1491546,5,1
89,1798309,5,1
5,1102376,1,1
31,1811626,5,1
25,122591,3,1
24,1385082,3,1
0,106642,0,1
8,737776,1,1
15,209848,2,1
47,1765166,5,1
28,1686777,4,1
0,1663513,0,1
133,1805574,5,2
131,55315,5,1
96,25263,5,1
14,589784,2,1
54,1806778,5,2
1,342147,1,1
1,11335549,1,1
24,1801732,3,1
116,1802520,5,1
0,240811,0,1
1,13692,1,1
8,897864,1,1
16,1800578,2,1
54,1803436,5,3
25,1458396,3,1
0,313388,0,4
3,1513698,1,2
111,1803149,5,1
9,1298658,2,2
11,1804706,2,1
67,66152,5,2
43,1803023,5,1
39,1709017,5,1
67,1799289,5,1
17,1169558,2,1
63,1716224,5,1
56,1730784,5,1
6,20862,1,1
50,2364560,5,1
2,659281,1,2
15,1804026,2,2
12,1836184,2,2
10,15817,2,1
199,6139,5,1
7,1824613,1,1
41,1804691,5,2
13,1686717,2,1
3,518919,1,1
37,1815659,5,1
29,1490261,4,1
18,841787,3,2
27,215174,4,1
32,50563524,5,1
175,1868661,5,1
7,1799565,1,1
2,186572,1,1
29,1560860,4,1
2,1804982,1,2
88,1805003,5,1
10,3716,2,1
20,1801916,3,1
176,1815452,5,2
22,1285983,3,1
113,1808463,5,1
149,1801006,5,1
0,23934,0,1
8,1783657,1,1
107,194980,5,1
18,1613547,3,1
106,1801492,5,1
39,1747672,5,1
111,1802818,5,3
3,2434416,1,1
21,1595708,3,1
92,1804963,5,1
117,1786635,5,1
50,896336,5,1
10,25350,2,1
1,1797024,1,1
31,1805564,5,3
61,176956,5,1
0,1338714,0,1
66,1810988,5,1
34,1347036,5,1
5,85648,1,1
13,235736,2,1
2,933169,1,2
115,1805075,5,1
0,882735,0,1
25,1803233,3,2
27,386631,4,1
0,56086,0,1
45,962171,5,1
11,1797338,2,1
16,1800713,2,1
36,6850518,5,1
88,1804767,5,2
9,832204,2,2
26,1779665,3,1
0,1850637,0,1
74,1160486,5,1
44,517459,5,1
53,79588,5,1
91,1740785,5,1
6,134801,1,1
34,1664730,5,1
67,9857,5,1
0,1842121,0,3
33,2383594,5,1
15,10005,2,1
0,1683290,0,2
27,571737,4,1
42,1821158,5,1
165,1813728,5,1
40,1799286,5,1
11,1686016,2,3
45,1805133,5,2
59,1804820,5,1
44,1800723,5,2
30,1916070,4,1
39,1827763,5,2
2,1018571,1,1
34,3584661,5,1
47,484968,5,2
3,1634541,1,1
2,1763908,1,1
0,1810108,0,2
3,1404726,1,1
56,8250,5,1
195,4081,5,1
3,1803483,1,1
43,1821197,5,1
36,1810509,5,1
20,1801527,3,1
72,1803042,5,3
1,101949,1,1
42,1801845,5,1
31,13975,5,1
8,1820247,1,1
3,1819133,1,1
65,2109236,5,1
37,1804863,5,1
0,1694126,0,1
1,1867179,1,1
20,42805,3,1
6,6268,1,1
0,1822433,0,2
13,1807515,2,2
103,1806351,5,1
63,1801302,5,1
23,825018,3,1
126,1802943,5,3
1,1774669,1,1
8,187044,1,1
134,1805573,5,3
101,356398,5,1
0,1590000,0,1
20,584607,3,1
40,1808167,5,1
51,1792997,5,1
60,1799299,5,1
33,1815319,5,1
4,78458245,1,1
0,25029896,0,1
10,33505,2,1
7,211550,1,1
11,1789555,2,1
112,1804747,5,1
38,1804104,5,1
20,41898,3,1
62,1808718,5,1
22,7738,3,1
19,1475185,3,1
79,1802333,5,1
49,1806780,5,2
16,663904,2,1
0,38144,0,1
52,455086,5,1
22,1803904,3,6
2,1131231,1,2
10,13150135,2,1
60,49726,5,1
27,1516006,4,2
41,1812526,5,1
12,1049140,2,1
6,1802111,1,2
92,1580914,5,1
46,340853,5,1
13,34291,2,1
172,1808027,5,1
10,1755277,2,1
12,1799358,2,1
4,1804635,1,2
5,574102,1,2
0,433055,0,1
0,1518901,0,1
18,1801553,3,1
66,1803022,5,1
1,1644678,1,3
15,1333034,2,2
6,1171648,1,1
11,459794,2,1
27,5553319,4,1
8,8404649,1,1
49,1803621,5,1
2,532023,1,1
68,1809699,5,1
6,1852409,1,1
0,26650,0,1
150,1804488,5,1
10,51541,2,1
23,1805658,3,1
30,436402,4,1
105,1801594,5,1
68,1801168,5,1
10,491264,2,1
0,347260,0,1
166,1804716,5,2
139,1805883,5,2
26,8127,3,1
28,310259,4,1
13,559581,2,1
116,1828030,5,2
49,1608106,5,1
14,1802757,2,2
102,1804301,5,1
0,1633930,0,1
26,2205182,3,1
134,1801855,5,1
62,4983147,5,1
63,20021,5,1
11,1811986,2,1
146,988508,5,2
128,1802104,5,1
56,567097,5,1
37,5378921,5,1
72,1808213,5,2
99,1802466,5,1
20,1791218,3,1
7,805553,1,1
169,147889,5,4
34,1747596,5,1
12,4990,2,1
11,317597,2,1
62,1804534,5,1
0,344041,0,1
26,469194,3,1
8,1803053,1,1
34,1319870,5,3
0,171207,0,1
52,80636,5,1
80,1803875,5,1
3,5987874,1,1
8,8662,1,1
43,1806199,5,1
33,619848,5,1
14,4093194,2,1
22,1776599,3,1
47,1802623,5,3
7,1297626,1,1
4,3732776,1,1
14,6208,2,1
15,1797452,2,2
41,430380,5,1
40,1819577,5,1
14,69069,2,1
1,763887,1,1
4,1641039,1,1
66,1804237,5,1
55,428782,5,1
29,22044,4,1
101,1806688,5,1
13,1809157,2,3
47,4495704,5,1
20,647173,3,1
5,68586,1,1
29,72956,4,2
8,11897,1,1
55,107185,5,1
76,1801825,5,2
159,1802399,5,1
20,1807415,3,1
1,1783685,1,1
34,1803025,5,3
1,1767350,1,1
87,1861497,5,1
129,1985809,5,2
43,557800,5,2
3,1420946,1,1
72,641633,5,1
6,1827860,1,1
132,1803063,5,1
48,1674868,5,1
21,1814901,3,2
16,35059,2,1
7,1007688,1,1
5,1807621,1,1
58,1814421,5,1
4,6526623,1,1
180,1802198,5,1
3,1217462,1,1
88,1531269,5,1
6,2075910,1,1
18,1808031,3,4
35,5148,5,1
2,1271740,1,1
34,1606945,5,1
15,1372117,2,1
96,338947,5,1
3,11596,1,1
35,1797366,5,1
35,1835407,5,1
57,403853,5,1
19,12181,3,1
86,1817319,5,1
7,737351,1,1
39,17684,5,1
40,240087,5,1
2,1915842,1,1
24,1810050,3,1
164,1877148,5,1
9,2884277,2,1
11,1080510,2,1
14,1803017,2,3
61,10728,5,1
114,1807984,5,2
80,1811959,5,1
4,959390,1,1
37,1798875,5,1
14,77401,2,1
19,1802203,3,1
19,117136,3,1
26,729821,3,1
30,2571,4,1
0,1807824,0,2
0,1821568,0,1
149,1802305,5,1
14,628196,2,1
3,29571,1,1
168,1801934,5,1
4,1007218,1,1
0,729073,0,1
81,1801647,5,2
28,1064378,4,2
40,1798325,5,1
11,1653487,2,1
30,32093,4,1
0,1442666,0,4
16,1907946,2,1
105,1807482,5,1
4,6017,1,1
0,5337634,0,1
59,4595,5,1
38,1229274,5,2
124,1801462,5,4
87,1704187,5,1
156,1802823,5,1
91,1803371,5,1
6,22937,1,1
49,1805227,5,1
86,1804439,5,1
27,1813535,4,4
12,1809854,2,1
7,20233,1,1
61,1813797,5,1
10,3007223,2,1
103,1800384,5,3
10,1556054,2,1
4,1801438,1,7
0,491740,0,1
32,1781418,5,1
28,1328711,4,1
75,1807634,5,1
1,1811075,1,3
33,1801549,5,2
24,489015,3,3
1,1750622,1,2
35,1787297,5,1
0,97336,0,1
65,1803385,5,2
184,1803813,5,1
44,978310,5,1
49,1369248,5,1
38,1800896,5,1
7,1877838,1,1
99,1760183,5,1
9,1763438,2,1
30,1806250,4,2
1,564284,1,1
194,1802066,5,1
19,39413,3,1
38,1787426,5,1
0,1740446,0,1
86,1801038,5,2
90,1800788,5,1
1,1079086,1,1
12,1694461,2,1
166,1803790,5,1
1,1256065,1,1
60,8248006,5,2
0,1324051,0,1
3,247950,1,2
41,1809393,5,1
56,1801174,5,1
7,1820010,1,3
9,242980,2,1
23,1805418,3,2
190,1885756,5,1
48,58655,5,1
9,1828663,2,1
12,1809776,2,1
3,5189196,1,1
40,1801846,5,2
68,6524,5,1
38,1810718,5,3
6,1615678,1,1
20,1800199,3,1
12,1817316,2,2
0,905573,0,1
13,1790156,2,1
23,1798639,3,1
41,1812865,5,1
1,86300,1,1
71,1809099,5,1
8,103138,1,1
37,1802607,5,3
107,46592,5,1
2,1127609,1,1
78,1802777,5,1
1,1875797,1,1
29,1883129,4,1
2,385646,1,1
80,13455,5,1
2,1792300,1,1
48,1797757,5,1
1,568908,1,1
19,1868532,3,1
7,1801531,1,2
28,38396,4,1
40,141742,5,1
9,9086946,2,1
19,1801691,3,4
2,15853263,1,1
0,271770,0,2
173,1797466,5,1
104,18687,5,1
8,1833754,1,1
7,1806682,1,1
88,1807257,5,2
122,1810462,5,1
11,1794778,2,1
164,1804592,5,2
54,3005436,5,1
11,1803305,2,1
171,1802690,5,1
95,1801687,5,2
2,617882,1,1
106,11360794,5,1
6,1799551,1,1
41,1201011,5,1
4,1436776,1,1
1,1702538,1,1
71,1810281,5,1
100,1738855,5,1
44,368531,5,1
20,1806096,3,1
0,96008,0,1
170,1802793,5,1
43,1802377,5,2
104,1864949,5,1
2,23709,1,1
30,1810412,4,1
53,11625,5,1
4,1801907,1,3
32,30287098,5,1
1,1143623,1,1
46,1823688,5,1
16,1807766,2,4
26,1434634,3,1
4,50798,1,1
105,1810308,5,1
45,1800693,5,1
10,1790588,2,1
39,1805884,5,1
127,1803691,5,1
6,100480,1,1
29,1480487,4,3
110,1798602,5,1
7,2340500,1,1
14,11203,2,1
5,26477,1,1
7,1787108,1,1
1,1767639,1,1
0,93409,0,1
7,1828657,1,1
96,1824310,5,1
104,1810573,5,1
41,1803288,5,2
29,1843363,4,3
0,1818849,0,2
189,1798833,5,1
39,1802289,5,2
58,1709838,5,2
27,1793194,4,1
195,1863078,5,1
109,574348,5,1
7,1799018,1,1
46,1804537,5,1
4,1497531,1,1
48,40071,5,1
8,700288,1,1
13,4089175,2,4
1,1793960,1,2
7,890214,1,1
2,80679,1,2
32,1736339,5,1
44,1033258,5,2
94,1804154,5,1
26,16515,3,1
20,1472906,3,1
10,1814739,2,2
0,723749,0,1
31,212489,5,1
33,218023,5,1
29,2500947,4,1
100,22096,5,1
45,1174660,5,1
138,574618,5,1
37,1806163,5,1
21,1645067,3,1
29,1476432,4,1
20,696209,3,1
0,1951117,0,1
72,1309945,5,1
3,43264,1,1
55,1807401,5,1
47,1805074,5,1
26,378880,3,2
30,10442788,4,1
37,1804176,5,4
37,58367,5,1
71,1812296,5,1
71,1296345,5,1
49,505651,5,1
12,6625,2,1
39,1822436,5,1
0,11021485,0,1
102,1815836,5,1
152,1768926,5,4
4,846638,1,1
23,1464169,3,1
30,1798771,4,1
8,94116,1,1
4,214291,1,1
34,1169419,5,1
188,1814197,5,1
69,1806683,5,3
6,32256,1,1
3,1338621,1,4
24,1800147,3,2
76,23766,5,1
39,1811302,5,1
35,1804951,5,1
0,144560,0,1
1,1782453,1,1
4,172020,1,1
13,1803283,2,1
14,1805510,2,1
64,1801078,5,1
32,64168,5,1
69,1822566,5,1
1,1790058,1,3
2,1847264,1,1
14,2691875,2,1
16,1808555,2,1
20,1859222,3,1
16,2413502,2,2
37,1820122,5,1
11,1805944,2,1
39,206326,5,1
9,835689,2,1
1,1326688,1,1
24,1714248,3,1
5,1818965,1,1
4,29699,1,1
158,1808813,5,2
117,1807565,5,1
7,1576044,1,1
32,443975,5,1
9,1802713,2,1
3,1698620,1,1
134,111772,5,1
1,254183,1,1
34,181714,5,1
37,280083,5,1
30,1805559,4,5
34,1831975,5,1
27,4421210,4,3
82,77661,5,2
0,5298,0,1
61,1806110,5,1
99,97458,5,1
5,2739,1,1
91,1802388,5,3
53,1819770,5,1
34,1823374,5,2
9,1660913,2,1
37,1814010,5,1
97,1813573,5,1
17,833103,2,1
82,1801944,5,2
42,1801801,5,3
79,1810136,5,1
0,1650748,0,1
43,1792870,5,1
146,1832245,5,1
66,1817216,5,1
8,80742,1,1
16,1651672,2,1
55,1804898,5,1
1,1867159,1,3
7,408671,1,1
16,1810923,2,1
41,1811408,5,1
23,1802696,3,4
59,1806643,5,1
10,608941,2,1
5,1527708,1,1
2,1804129,1,2
0,1800113,0,1
80,1804236,5,1
158,1802177,5,1
7,1782766,1,1
0,1697154,0,1
56,1805631,5,2
26,1769769,3,1
61,1807607,5,1
0,46789,0,2
10,1835812,2,2
116,1802946,5,2
62,1787443,5,1
3,791846,1,2
33,203122,5,1
57,1801564,5,2
23,1411719,3,1
200,211128,5,1
8,1805746,1,2
2,1775817,1,1
22,3355378,3,1
1,1749798,1,1
64,1823626,5,1
2,1903771,1,1
66,1804756,5,1
113,1802584,5,2
5,2148171,1,1
194,9321,5,1
100,1821903,5,1
146,1926585,5,1
6,6315,1,1
6,2615036,1,1
30,81316,4,1
36,1810586,5,1
0,1801007,0,16
1,105132,1,1
2,1809836,1,2
42,7035748,5,1
25,1802900,3,1
0,1800613,0,2
40,1807215,5,1
11,1799897,2,1
18,237894,3,1
32,1803867,5,2
5,91875,1,1
43,113748,5,1
8,32658,1,1
20,1817624,3,1
58,1804426,5,2
34,1798466,5,2
24,1881076,3,1
2,1452913,1,1
11,1800267,2,1
162,1803137,5,1
136,1802019,5,1
1,361233,1,3
65,1801243,5,1
37,6403280,5,1
19,739295,3,1
70,1279328,5,3
3,202824,1,1
1,1574691,1,1
2,637276,1,1
14,943038,2,1
148,1804222,5,1
0,1845660,0,1
130,1819388,5,2
2,1787423,1,1
7,1027732,1,1
8,2161095,1,1
37,9857,5,1
113,1829957,5,1
11,271409,2,1
101,1799717,5,1
0,76162,0,1
1,269501,1,2
6,11931340,1,1
27,1801083,4,2
12,1796797,2,2
15,1803686,2,2
0,676250,0,1
7,220422,1,1
149,162506,5,1
0,1803455,0,2
198,10186739,5,1
93,1966600,5,1
0,1564266,0,1
108,1801774,5,1
61,52909,5,1
42,1802425,5,6
27,1788982,4,1
49,1824239,5,1
36,1784749,5,2
26,1818003,3,1
4,636565,1,1
6,1795137,1,2
190,1813154,5,2
127,1802316,5,1
126,1805463,5,2
199,1801364,5,1
4,130720,1,1
11,1523756,2,1
2,1766616,1,1
117,1803568,5,1
1,90921,1,1
64,1800786,5,1
48,1804649,5,2
68,1797756,5,1
17,1806111,2,1
15,6738663,2,1
1,172172,1,1
14,1805794,2,1
2,1534526,1,1
5,1734185,1,1
1,1774597,1,2
140,1800937,5,1
26,1740565,3,1
10,1181068,2,1
8,1004014,1,1
0,1670707,0,1
42,48412629,5,1
55,1094618,5,1
54,819881,5,1
22,1812320,3,2
48,18063,5,1
19,566995,3,1
2,88460,1,1
70,1808472,5,1
90,1806960,5,1
31,47251,5,1
12,1809416,2,1
151,1803622,5,1
19,1112943,3,1
5,1805048,1,1
12,1750106,2,1
108,1802761,5,1
3,1820085,1,1
160,1801738,5,2
50,1801840,5,2
41,466818,5,1
43,1800427,5,1
41,1786199,5,3
8,172983,1,1
20,310031,3,1
1,10347,1,1
33,1815293,5,1
40,1808077,5,1
126,1802112,5,1
19,2782284,3,5
34,1804279,5,1
0,12946575,0,1
23,7227,3,1
0,48206,0,1
129,1802339,5,1
1,50377,1,1
0,52966,0,1
6,1739191,1,1
171,1801724,5,1
122,1804044,5,1
94,1801914,5,1
16,81729,2,1
8,56347,1,1
0,1735056,0,1
0,124809,0,1
107,1802469,5,1
5,2198888,1,1
8,1802840,1,2
1,1812072,1,2
19,117989,3,1
113,3028513,5,1
47,1817733,5,1
9,1792688,2,1
63,225143,5,1
59,1803277,5,1
46,1808119,5,1
43,1805826,5,2
2,1780673,1,1
4,1752683,1,1
42,1813312,5,1
73,1807819,5,1
16,1804039,2,2
44,2674096,5,1
4,13506,1,1
10,707691,2,1
178,1804002,5,1
12,1798314,2,1
14,1195111,2,2
26,1768576,3,1
66,1804058,5,1
128,847363,5,1
1,173135,1,1
0,1657277,0,1
26,1804930,3,2
4,1768048,1,1
4,1860938,1,1
22,465482,3,2
4,38442,1,1
7,3930,1,1
53,1811986,5,1
25,1798464,3,1
9,1786201,2,1
17,209043,2,1
4,14928,1,1
0,215290,0,2
90,145740,5,1
5,17589379,1,1
24,143068,3,1
159,329799,5,1
43,319496,5,2
49,1815297,5,1
38,1356651,5,1
4,1827183,1,1
27,1797827,4,1
111,1806114,5,1
15,1617667,2,2
122,1750410,5,1
45,799313,5,1
106,73086,5,2
72,1808562,5,1
0,35567116,0,1
104,1803938,5,1
10,1800798,2,2
8,170667,1,1
115,1806449,5,1
31,1767598,5,1
2,531329,1,2
5,264557,1,1
0,1757132,0,3
18,1816960,3,1
31,1815118,5,2
33,5624,5,1
0,1800697,0,2
50,1280792,5,1
17,1789954,2,3
174,1798381,5,1
6,1454252,1,1
52,1802861,5,2
26,447571,3,2
8,19587,1,1
75,1810026,5,2
40,817913,5,2
6,669158,1,1
19,1801923,3,3
80,6876676,5,1
70,1801975,5,1
32,1808355,5,2
80,1803030,5,1
11,4279977,2,1
25,37695,3,1
134,1802043,5,3
57,403400,5,1
16,1767989,2,1
46,1790637,5,1
59,14720,5,1
5,1806802,1,2
92,652862,5,2
53,1800348,5,1
7,1812483,1,1
82,1798118,5,1
2,109413,1,1
5,1825732,1,1
87,1803419,5,2
10,442296,2,1
21,1777332,3,4
14,1798553,2,1
196,1809729,5,1
111,1803696,5,2
7,1854987,1,1
5,322108,1,1
21,1637451,3,1
23,1811946,3,2
66,1811891,5,1
27,2832106,4,1
61,1803371,5,1
0,153573,0,1
3,20406,1,1
10,916290,2,1
111,1810118,5,1
70,1805378,5,1
17,557950,2,1
1,1800667,1,2
2,801553,1,1
3,1812217,1,1
51,1832489,5,1
16,1812993,2,2
8,175481,1,1
0,6233339,0,1
44,1808491,5,1
42,529740,5,1
0,996377,0,1
28,1810427,4,1
171,1816073,5,1
160,997668,5,2
84,1802073,5,1
36,1470518,5,1
9,72249640,2,1
11,1806080,2,1
5,1276816,1,1
19,2638583,3,1
5,1707953,1,1
42,1806848,5,1
54,1802214,5,1
0,7182168,0,1
142,1802618,5,3
22,61327,3,1
27,1740527,4,1
0,101760,0,2
10,23536,2,1
194,1799023,5,1
144,1815507,5,1
24,1836414,3,4
0,39216,0,2
22,38774,3,1
71,1801879,5,1
0,1833644,0,1
168,2092689,5,1
27,1802260,4,2
85,1798294,5,1
195,1803020,5,1
131,1798483,5,1
33,1821139,5,1
1,34921,1,1
41,1808113,5,1
42,1134937,5,1
36,82627771,5,1
2,1806031,1,3
93,1807914,5,2
7,54114,1,1
1,5617970,1,1
13,637019,2,1
46,1805111,5,1
123,1805665,5,1
33,1808563,5,1
16,895466,2,1
9,1785737,2,1
0,1390568,0,2
199,1777006,5,1
22,239206,3,1
21,1797381,3,1
18,1353223,3,1
6,50383,1,1
80,1802656,5,1
25,1786916,3,1
77,2239015,5,2
120,1805094,5,1
4,928398,1,1
41,891036,5,1
132,1800060,5,1
15,1818683,2,4
16,790557,2,1
54,1801552,5,1
3,1791738,1,1
49,1691207,5,1
76,730685,5,1
0,76583698,0,1
110,18998,5,1
191,1808193,5,2
75,1802002,5,1
40,1806286,5,1
7,1385032,1,1
16,461799,2,3
6,1783542,1,2
3,1803227,1,2
74,1802305,5,2
0,1266933,0,2
101,1803224,5,1
20,1764347,3,1
11,1801987,2,1
1,1838175,1,1
2,235418,1,1
40,1809077,5,1
52,1813826,5,1
173,13451,5,1
15,6616208,2,1
150,1805045,5,1
24,1682693,3,1
45,1801976,5,1
4,1803627,1,1
46,1806819,5,1
25,1755964,3,1
2,1799125,1,3
14,1831507,2,1
20,1805645,3,3
0,424910,0,1
65,5397252,5,1
5,1587326,1,1
0,1622449,0,1
11,1835683,2,1
45,1807001,5,2
14,2214976,2,2
17,1821772,2,1
14,2106440,2,1
9,1843513,2,1
36,5133011,5,1
23,1810051,3,1
2,31033,1,1
0,3221182,0,1
37,6622368,5,1
94,2391090,5,1
54,1805178,5,1
49,61014,5,1
14,1810385,2,1
16,1813781,2,2
44,1180317,5,2
0,1759694,0,1
23,1797387,3,1
172,1803586,5,1
4,1812317,1,2
6,1811283,1,1
118,1828370,5,1
24,1801871,3,1
19,300017,3,1
1,273592,1,1
4,1674701,1,1
13,1823519,2,1
5,843131,1,2
40,1805043,5,2
40,1782637,5,1
13,1808555,2,1
8,1806145,1,2
3,1422887,1,1
171,19476,5,1
15,1817100,2,1
8,1799161,1,1
55,1806917,5,1
84,1803607,5,1
41,1801133,5,2
16,1803283,2,1
11,12550,2,1
50,189717,5,1
41,1678935,5,1
17,18561,2,1
51,318252,5,1
199,1738813,5,2
11,1793175,2,1
1,1808798,1,1
5,9931970,1,1
1,2321107,1,1
18,1814093,3,1
9,1801776,2,1
167,1801935,5,1
113,1801783,5,1
25,387566,3,4
25,1812698,3,1
44,645120,5,1
7,1814295,1,1
95,1808059,5,1
2,735293,1,1
6,179905,1,1
27,1802455,4,1
0,14886,0,1
94,155811,5,1
111,1804024,5,1
34,1840418,5,1
32,789160,5,1
21,1082596,3,1
11,123021,2,1
102,1800676,5,1
58,1802643,5,1
6,1815275,1,1
4,1204497,1,2
9,1804772,2,2
85,1805776,5,1
27,26378,4,1
70,1868284,5,1
7,1786805,1,1
5,1834533,1,1
10,1791277,2,1
0,1808365,0,2
2,1053111,1,1
6,87293,1,1
0,101502,0,1
4,1847903,1,1
1,1819538,1,1
8,22791152,1,1
69,1751707,5,3
160,1801502,5,1
4,1828741,1,2
20,1763994,3,1
79,1808853,5,1
4,1809985,1,2
197,158797,5,1
125,1801073,5,1
8,15517,1,1
18,1564098,3,1
25,1822260,3,1
21,1813665,3,1
4,156028,1,1
21,40642,3,1
116,1813590,5,2
11,99229,2,1
23,1802665,3,1
20,4300139,3,1
11,1805685,2,2
28,141575,4,1
1,3311847,1,1
112,1811214,5,1
0,7469,0,1
7,1167879,1,1
44,1951102,5,1
10,1801595,2,3
80,1821674,5,2
24,3337,3,1
9,1279317,2,1
41,1830761,5,1
46,28043,5,1
96,9585535,5,2
47,661427,5,1
131,33428,5,1
53,1828161,5,1
31,24043,5,1
0,1549498,0,2
0,1737471,0,1
16,2257771,2,1
96,1826805,5,1
2,1798726,1,1
14,26406,2,1
144,16404,5,1
0,43710,0,1
0,13492,0,1
10,895477,2,1
0,278852,0,1
60,1794724,5,1
0,38492,0,1
170,2521847,5,1
48,1836117,5,1
181,1801887,5,2
4,1781202,1,1
70,1823847,5,2
35,1814746,5,2
123,1804207,5,2
32,1803501,5,2
89,773406,5,1
18,1519932,3,1
1,1337250,1,1
112,1801600,5,1
86,1802296,5,2
74,1768466,5,1
0,212441,0,1
3,1496587,1,1
6,37228,1,1
17,1697311,2,1
3,1557179,1,1
23,78400,3,1
34,1778187,5,1
190,1811236,5,2
0,493683,0,2
2,1526305,1,1
123,468399,5,2
2,1656322,1,1
44,1823895,5,1
14,1803364,2,1
3,2768180,1,1
22,2959854,3,1
31,1071494,5,1
23,172165,3,1
0,1179461,0,1
0,1758781,0,1
19,6247375,3,1
186,1803749,5,1
12,495247,2,1
19,1818744,3,1
8,1781098,1,1
4,1798688,1,1
137,1808525,5,1
3,1798118,1,1
17,977337,2,1
99,1802181,5,1
24,1813199,3,2
53,1122353,5,1
138,1835417,5,2
90,1801477,5,1
17,1799347,2,2
28,1802109,4,1
43,635596,5,1
62,1038847,5,1
11,1804661,2,1
10,1017432,2,1
27,75333,4,1
10,1904623,2,2
3,31667,1,1
8,1801226,1,1
1,2177348,1,1
97,1806856,5,1
14,1810096,2,1
11,111695,2,1
95,1805363,5,1
17,358751,2,2
62,1512825,5,2
56,326609,5,1
5,1823523,1,1
22,1825071,3,1
47,1811784,5,1
34,1752324,5,1
1,1665504,1,3
1,264732,1,1
15,1814232,2,1
37,61767,5,1
2,1799703,1,1
125,1803015,5,1
47,1801828,5,1
23,1805301,3,2
0,1841556,0,1
104,1447248,5,2
1,51023,1,2
149,1391874,5,2
9,609931,2,1
2,1835032,1,2
30,1815624,4,1
122,17918,5,1
3,1866599,1,3
5,653357,1,1
90,1801556,5,2
76,1049896,5,1
3,12788,1,1
8,6682726,1,1
37,1803933,5,2
9,1746296,2,1
18,1613554,3,1
27,11216255,4,1
65,1636175,5,1
197,1805399,5,1
15,610715,2,1
17,374617,2,1
5,432506,1,1
26,639444,3,1
0,617821,0,1
0,1649076,0,1
0,1802512,0,9
95,1836919,5,1
50,1340896,5,1
82,1817827,5,1
16,2131748,2,1
11,1049131,2,1
34,1821593,5,1
14,1803352,2,3
16,7329045,2,2
113,22973,5,1
40,1810104,5,1
63,1804657,5,2
12,313351,2,1
52,1798755,5,1
26,1810751,3,2
5,484502,1,1
22,3533620,3,2
110,1805938,5,2
40,1805251,5,1
46,1833068,5,1
33,1497062,5,1
12,1798798,2,1
62,1806545,5,1
56,1817902,5,2
43,1802795,5,1
5,1848805,1,1
23,1803354,3,2
34,1801226,5,1
18,1553708,3,1
16,1786948,2,1
192,1798862,5,1
154,1801559,5,2
41,12145228,5,1
15,1824947,2,1
6,1806355,1,2
1,29054,1,1
74,920637,5,1
76,1801647,5,2
92,1799837,5,1
44,1803686,5,2
29,1801828,4,6
17,533426,2,1
52,1788707,5,1
9,5943233,2,1
1,1983727,1,1
1,1393678,1,1
3,205389,1,1
19,1802432,3,3
28,6016,4,1
0,819156,0,1
83,1799421,5,1
37,242590,5,1
14,1801519,2,1
2,27551048,1,1
1,1800898,1,2
86,3753,5,1
38,1825301,5,1
11,204495,2,1
105,1802197,5,1
188,1803597,5,1
15,1105967,2,1
0,510363,0,1
7,1811848,1,1
39,1809893,5,1
64,2717944,5,1
14,1905053,2,1
0,1596342,0,1
2,1827629,1,1
13,120823,2,1
3,45192,1,1
88,1809348,5,3
67,1805690,5,2
6,15798960,1,1
1,86817,1,1
15,1805550,2,2
18,29055,3,1
1,683810,1,1
31,1803802,5,1
2,1791009,1,2
0,43632,0,1
31,876566,5,1
30,1721257,4,1
54,20385,5,1
0,54196,0,1
59,1802793,5,2
66,1791266,5,1
28,1806960,4,1
70,11602033,5,1
2,170348,1,1
70,1809181,5,1
1,1802518,1,4
9,1597291,2,1
34,1813803,5,1
9,15925,2,1
9,1762497,2,1
190,1802465,5,1
84,1802586,5,1
2,9211,1,1
13,306275,2,1
11,1808368,2,1
11,1350168,2,1
71,1795150,5,2
62,1805978,5,1
12,1798525,2,4
7,8312,1,1
5,4125087,1,1
2,108865,1,1
13,1809819,2,1
27,24443765,4,1
7,119355,1,1
1,28168,1,1
4,624285,1,1
3,170938,1,1
81,1803236,5,1
7,1837108,1,1
147,220811,5,2
4,1809265,1,2
29,1677006,4,1
15,1804687,2,1
65,1801791,5,1
22,1810553,3,1
13,1805804,2,3
14,1825540,2,1
94,1801727,5,1
34,20375,5,2
89,1803978,5,1
5,1813320,1,1
13,26134157,2,1
109,1804747,5,1
69,1705829,5,1
77,1802912,5,1
123,1799210,5,1
34,97459,5,1
23,1797368,3,1
25,11748,3,1
8,1802317,1,3
47,1805615,5,2
3,124381,1,1
3,1890593,1,1
19,10392,3,1
10,1800377,2,1
40,862389,5,1
38,198683,5,1
15,144139,2,1
0,4469654,0,1
43,1802226,5,2
20,43860,3,1
4,188847,1,1
77,1812996,5,1
18,17123148,3,1
33,1814162,5,1
15,9085306,2,1
0,736970,0,1
194,1804836,5,1
2,1810199,1,1
122,177443,5,2
72,1802705,5,3
15,249818,2,1
11,1395603,2,1
6,1684848,1,1
0,1326402,0,1
199,1803784,5,1
3,1241609,1,1
14,1784888,2,3
2,12867,1,1
32,1799882,5,2
13,1006537,2,1
45,1865213,5,1
1,1743270,1,1
43,425550,5,1
13,1199788,2,1
33,124355,5,1
35,1805818,5,3
7,513781,1,1
37,1810773,5,1
61,1802892,5,1
126,56256,5,1
107,1805327,5,1
1,879386,1,1
95,1801867,5,2
34,1819754,5,1
52,1802536,5,2
41,1804251,5,1
114,1803417,5,1
1,2191970,1,1
159,1802026,5,1
53,1736333,5,1
113,1814702,5,1
0,1707395,0,1
15,25085,2,1
29,4232386,4,1
189,1810929,5,1
0,1798419,0,1
40,1802415,5,1
19,1801707,3,2
12,1786941,2,1
198,1417572,5,1
26,1802098,3,1
44,6959035,5,1
9,10999056,2,1
56,1751225,5,1
76,802012,5,1
2,2046715,1,1
8,1810235,1,3
20,1797917,3,1
5,1756428,1,1
1,200228,1,1
9,714066,2,1
20,1919108,3,2
20,1807269,3,2
47,5942,5,1
178,875337,5,2
64,524832,5,1
63,17257,5,1
119,1803141,5,1
7,1802074,1,2
194,263746,5,1
20,1767714,3,4
4,28119,1,1
14,591598,2,1
20,1794226,3,1
48,54888247,5,1
11,1818519,2,2
15,1807974,2,2
0,4623523,0,1
107,1810603,5,2
27,14072,4,1
16,5020438,2,1
22,1808388,3,1
163,89125,5,1
2,66650,1,1
8,75967,1,1
200,1816088,5,1
97,1808184,5,1
12,166383,2,1
5,12531,1,1
0,539050,0,2
130,1801444,5,1
58,900129,5,1
0,12018,0,1
73,1809436,5,2
10,16874,2,1
52,1794790,5,1
65,1797862,5,1
10,1767068,2,1
56,1825631,5,1
7,145396,1,1
15,1796830,2,1
10,316372,2,1
117,1804052,5,1
10,1786052,2,1
0,699044,0,2
47,224658,5,1
38,1806690,5,2
10,573297,2,1
29,1804846,4,1
18,1458833,3,1
71,1818268,5,1
50,11704,5,1
29,2324835,4,1
2,63508,1,2
12,30302,2,1
137,1801038,5,1
43,76284,5,1
12,1829486,2,2
41,1801335,5,2
25,693222,3,1
138,1798578,5,2
0,1701328,0,1
8,1799203,1,1
5,814509,1,1
2,126605,1,1
70,1820823,5,1
19,233273,3,1
28,935814,4,1
29,1799359,4,1
27,1771280,4,1
58,1771369,5,1
34,1775698,5,1
85,148006,5,1
75,1801717,5,2
1,1799866,1,2
42,1797865,5,1
1,1799895,1,3
2,1777922,1,1
2,1025928,1,1
80,1811825,5,2
13,173847,2,5
60,151624,5,1
1,17478,1,1
5,1774688,1,1
18,741035,3,1
2,1768152,1,1
0,584017,0,4
14,564121,2,1
187,1807603,5,1
31,1185567,5,1
15,14217,2,1
38,1209936,5,2
115,1802587,5,1
98,1803954,5,1
1,1141990,1,1
7,1805924,1,2
5,1835229,1,1
29,1003741,4,1
19,1808814,3,2
5,1669766,1,3
24,1816976,3,1
5,1237918,1,5
19,1801741,3,3
12,666381,2,1
58,1801778,5,2
2,1880417,1,1
11,97443,2,1
10,57780,2,1
132,1807050,5,1
2,1119077,1,1
0,1810616,0,6
7,1801587,1,1
122,18242416,5,1
11,1798731,2,2
6,1808219,1,2
6,1060388,1,1
16,70281,2,1
0,57292,0,1
1,665409,1,1
37,1796025,5,1
147,1424335,5,1
16,48794,2,2
9,1554741,2,1
48,3497,5,1
36,114342,5,1
3,45919,1,1
21,1803809,3,1
40,1791642,5,1
28,1800443,4,1
4,1759160,1,1
11,1839106,2,1
9,1810107,2,2
194,1801912,5,1
15,1952688,2,1
2,1702328,1,1
44,1805539,5,1
4,18538,1,1
19,1862527,3,1
2,1805688,1,1
46,113626,5,1
1,314540,1,1
2,1852372,1,1
3,1809384,1,1
56,1797959,5,1
77,314760,5,1
3,1500157,1,1
107,595573,5,1
30,1807371,4,1
156,1811797,5,1
7,11264,1,1
48,290082,5,1
12,1737498,2,1
13,1277596,2,1
16,1810784,2,1
0,75821,0,1
18,1739720,3,1
70,1662628,5,2
72,1798432,5,1
0,322437,0,1
73,1801622,5,3
47,3019,5,1
36,3169,5,1
59,338887,5,1
163,497003,5,1
24,1111911,3,1
53,1109172,5,1
3,1744572,1,1
74,1804459,5,1
5,1855478,1,1
60,11909,5,1
23,1787626,3,1
21,1802043,3,2
1,1772099,1,1
190,1824859,5,1
2,1806993,1,2
63,1805317,5,5
38,17220,5,1
106,1808262,5,1
3,1800377,1,1
177,1809087,5,1
32,1814479,5,1
6,1027565,1,1
7,1824009,1,2
0,1101799,0,1
4,1660324,1,1
31,1809083,5,1
11,1811144,2,1
0,1494743,0,1
61,1805992,5,1
17,602487,2,1
15,1797578,2,1
1,9161,1,1
4,1808634,1,2
45,1803431,5,2
39,1802361,5,1
29,1808083,4,1
106,1802215,5,1
11,30296,2,1
17,7130431,2,1
18,2571982,3,1
24,1212093,3,1
131,1806458,5,1
26,1805294,3,1
78,1834664,5,1
114,1800855,5,2
26,1610330,3,1
6,1806950,1,1
15,16021299,2,1
175,1802304,5,1
0,1811392,0,3
43,1784139,5,1
113,1626851,5,1
0,1276578,0,1
48,1761593,5,1
11,1311468,2,1
26,1804888,3,1
6,1824715,1,1
5,1165938,1,1
137,1802486,5,1
25,1818450,3,1
3,1813681,1,1
85,89990,5,1
0,6941,0,1
11,1813713,2,1
196,1820406,5,2
5,1812186,1,1
4,1436937,1,1
154,1811896,5,1
13,532683,2,1
2,1741646,1,1
11,1800189,2,1
1,4678813,1,1
15,1793061,2,2
4,1812757,1,1
10,75914,2,1
31,1805821,5,1
18,246212,3,1
17,1798108,2,1
117,16736,5,1
85,5746,5,1
82,1812815,5,1
34,1802248,5,3
42,1812622,5,1
8,285101,1,1
4,1752485,1,1
1,895828,1,1
58,1803304,5,1
35,2467026,5,1
120,105058,5,1
47,1798177,5,1
58,1795046,5,1
15,1800844,2,1
3,1821321,1,6
72,1798688,5,1
18,261414,3,1
76,1802688,5,1
49,1802042,5,2
11,1494427,2,1
19,1813569,3,2
55,1802538,5,4
0,52245,0,1
0,1790476,0,1
4,307273,1,1
6,160784,1,1
3,1804033,1,2
3,1481883,1,1
0,2646215,0,2
68,1801527,5,1
31,1811556,5,1
0,1780680,0,1
26,1804097,3,1
0,1806934,0,2
65,706188,5,1
4,1705124,1,1
11,3228,2,1
12,1564217,2,1
90,885188,5,1
148,58898,5,1
1,114346,1,2
88,1809987,5,1
1,122149,1,1
60,482069,5,1
1,672718,1,1
12,473349,2,1
6,23012919,1,1
0,1321138,0,1
58,1803447,5,2
31,809335,5,1
38,1772254,5,1
30,150016,4,1
79,1804471,5,2
37,1780626,5,1
100,1891296,5,1
25,60842,3,1
10,72442,2,1
49,1805584,5,1
2,765214,1,1
20,3995868,3,1
37,599652,5,1
105,1804218,5,1
5,3459103,1,1
8,1778396,1,1
149,1838575,5,2
3,47983,1,1
6,1491415,1,1
107,1811741,5,1
13,1832017,2,1
38,260794,5,2
8,186588,1,1
15,1820434,2,1
0,525660,0,1
18,1820200,3,1
5,1810894,1,1
106,1385478,5,1
14,98618,2,1
3,1782930,1,1
11,577628,2,3
0,1737446,0,1
22,1803110,3,1
115,50771,5,1
0,1813385,0,1
16,1804634,2,5
37,339180,5,2
9,1809433,2,1
13,623868,2,1
140,1710749,5,1
4,1800457,1,1
5,105929,1,1
12,202807,2,1
63,1805734,5,1
91,177799,5,1
0,1556200,0,1
19,1408627,3,1
11,2903988,2,1
7,25467056,1,1
81,1231442,5,2
2,1134133,1,2
26,1843661,3,1
54,17178665,5,1
199,1805454,5,1
5,184052,1,1
15,592417,2,1
49,1803808,5,1
2,2027320,1,1
14,1812457,2,1
63,1808242,5,1
4,1803283,1,1
1,755295,1,1
0,1820825,0,1
131,1802116,5,1
53,610735,5,1
167,1817296,5,1
50,1801280,5,1
57,4469602,5,1
7,1774577,1,1
89,1803235,5,1
28,1798077,4,1
44,1772495,5,3
168,1807499,5,1
2,794443,1,2
138,1764844,5,1
3,6263912,1,1
1,1803949,1,1
91,1064879,5,1
15,497672,2,1
80,1801471,5,1
4,1004537,1,1
12,10165,2,1
150,995023,5,1
23,1812699,3,3
0,642878,0,1
166,1598900,5,1
19,389427,3,1
176,1820154,5,1
51,1872591,5,1
0,1794333,0,1
27,469151,4,1
27,317157,4,1
12,1791027,2,1
2,6704,1,1
23,1214614,3,1
1,1814558,1,1
28,7227,4,1
37,150118,5,1
125,1798148,5,1
69,1812995,5,1
65,1803250,5,1
5,1109703,1,2
52,1791198,5,1
12,5137493,2,1
68,1801716,5,2
36,100904,5,1
21,1821270,3,1
0,1381626,0,1
6,715002,1,1
48,204108,5,1
188,1806070,5,1
1,1880536,1,1
80,1263455,5,1
13,1814827,2,1
81,1788058,5,1
4,1746575,1,2
166,1802279,5,1
8,4650665,1,1
10,1828697,2,1
37,1804212,5,1
0,1579961,0,1
79,1804617,5,1
1,1212603,1,2
46,847253,5,1
13,1765138,2,1
15,16088,2,1
185,1801826,5,2
21,1820153,3,1
9,895848,2,1
94,81938,5,1
69,1837490,5,2
176,1802307,5,2
150,1801723,5,1
48,1783718,5,1
18,31737,3,1
67,1799638,5,1
198,1784885,5,1
14,1800507,2,1
192,167399,5,1
35,1801815,5,1
98,1817868,5,2
42,1802358,5,1
80,1803705,5,2
23,1816323,3,1
17,1800955,2,1
17,1809717,2,1
0,97068,0,1
17,1810666,2,1
197,1802830,5,1
112,1807513,5,1
70,1803741,5,1
162,1802610,5,1
26,548460,3,3
0,1249054,0,1
6,274791,1,1
0,5720,0,1
62,1816830,5,1
9,1802123,2,2
69,40191,5,1
50,40547,5,1
0,2947127,0,1
12,348911,2,1
1,1804540,1,2
47,2389473,5,1
56,1698643,5,1
112,1810230,5,2
6,1343260,1,2
61,1049339,5,1
19,26827,3,1
5,9314,1,1
24,1815907,3,1
32,1923977,5,1
18,15229,3,1
1,1814376,1,1
38,1790447,5,1
11,438382,2,1
13,9972150,2,1
59,1801861,5,2
119,476031,5,1
15,1805767,2,1
5,493388,1,1
60,1825501,5,1
181,209437,5,1
25,1806369,3,2
2,1791240,1,1
1,1245331,1,1
1,1834504,1,1
5,617633,1,1
105,1808528,5,1
166,397034,5,1
22,1803208,3,3
47,1758972,5,1
138,1802436,5,1
9,1804204,2,1
0,1009622,0,1
70,1692459,5,2
50,1801505,5,1
11,42264,2,1
16,1802664,2,1
187,1801836,5,2
16,1849024,2,1
0,806191,0,1
14,355233,2,1
0,1792352,0,1
24,1807189,3,1
3,2289388,1,1
89,1805328,5,1
2,1802422,1,1
16,1888307,2,1
24,1438452,3,1
0,26001,0,1
0,1776710,0,1
15,1811964,2,2
45,1808317,5,1
18,1796915,3,1
21,676039,3,1
43,1110197,5,1
27,904153,4,1
59,1805487,5,1
46,1735021,5,1
0,818832,0,3
194,1777609,5,1
11,109121,2,1
34,1806658,5,1
1,1810938,1,1
116,1800207,5,1
193,1797848,5,1
46,1275016,5,1
84,984678,5,1
19,1764592,3,1
133,1797991,5,1
6,479068,1,1
19,1801217,3,2
137,690106,5,1
61,1814365,5,1
115,1807961,5,1
5,16046,1,1
68,1805254,5,2
1,1722074,1,1
13,1828044,2,1
30,119315,4,2
62,3016017,5,1
89,51200,5,1
44,1157307,5,1
40,985047,5,1
42,4634390,5,1
26,1808195,3,2
145,1801838,5,1
3,354663,1,1
148,175062,5,1
11,19548,2,1
9,1798101,2,1
11,1805333,2,2
43,16181,5,1
21,41597,3,1
13,1500445,2,1
20,124283,3,1
71,1803488,5,4
14,1802651,2,1
1,1741510,1,2
10,863721,2,2
29,1793634,4,1
4,24266,1,2
192,1811009,5,1
23,1807503,3,1
63,1805794,5,1
7,1040310,1,1
15,1805328,2,3
104,304436,5,1
21,200039,3,1
6,1801539,1,2
36,1718050,5,2
91,1803787,5,1
39,8829494,5,1
36,1802618,5,2
59,1384355,5,1
25,1810185,3,1
14,51772,2,1
39,1802446,5,4
6,82395,1,1
32,1802416,5,1
30,1802804,4,1
78,1801645,5,1
32,737304,5,2
2,325074,1,2
33,1807904,5,1
9,29743,2,1
1,1238670,1,1
3,1813059,1,2
14,1687279,2,1
8,1816482,1,1
45,295019,5,1
28,1800834,4,1
45,2241346,5,5
44,1725760,5,1
12,1813934,2,1
17,107656,2,1
40,1646878,5,1
90,337227,5,1
67,1802076,5,2
79,1801798,5,1
200,1797627,5,1
32,366874,5,1
0,12032,0,1
1,1804009,1,1
27,526795,4,2
84,157058,5,1
40,1820121,5,2
42,24526,5,1
55,1801914,5,1
29,1800553,4,1
25,28079,3,1
6,1791352,1,1
177,1801111,5,1
15,748259,2,1
44,1760817,5,1
9,1785386,2,2
5,1804428,1,2
131,1801981,5,1
19,77059,3,1
151,1801130,5,1
5,1429177,1,1
113,1804211,5,1
48,1799077,5,1
141,27166,5,1
97,1144204,5,1
8,1084931,1,1
61,1726219,5,1
26,1769015,3,1
0,5964449,0,1
22,52519,3,1
4,803238,1,2
35,4835,5,1
170,1808979,5,1
4,1752545,1,1
13,1803075,2,1
3,1893425,1,1
0,1669096,0,1
145,1804267,5,1
2,2674332,1,1
36,1806652,5,1
11,144300,2,1
19,1811253,3,1
92,1838604,5,1
138,1803646,5,1
11,1606874,2,1
29,1801718,4,1
1,1757917,1,1
20,7477,3,1
15,1822043,2,1
56,438931,5,1
33,1759087,5,1
122,1803707,5,1
0,1853384,0,1
64,698126,5,1
18,1804615,3,1
1,7506,1,1
0,2756405,0,1
33,16963569,5,1
60,1802551,5,2
18,1859602,3,3
12,1802408,2,1
21,834833,3,1
151,1801736,5,1
30,1804699,4,2
2,827116,1,1
55,605287,5,1
17,1694621,2,1
7,1804210,1,1
27,1385841,4,1
60,60676,5,1
5,1803217,1,3
0,3476864,0,1
0,1258468,0,1
73,7796509,5,2
10,177572,2,1
2,1818666,1,1
46,275485,5,1
16,343888,2,1
70,1413647,5,1
111,1808851,5,1
0,49859,0,1
7,1764347,1,1
2,483317,1,1
52,1806314,5,1
3,1401431,1,3
1,315811,1,1
182,1825743,5,1
0,948094,0,2
72,1801462,5,1
0,1790650,0,3
91,64323,5,1
2,1850681,1,3
10,1806359,2,1
91,1803177,5,1
11,897227,2,1
33,13447,5,1
13,1802574,2,7
51,14982,5,1
2,1498833,1,1
6,11031656,1,1
15,32280,2,1
26,1789100,3,1
0,101503,0,1
110,1799834,5,1
44,451175,5,1
70,1815529,5,2
19,1839262,3,1
0,1464154,0,1
163,1799626,5,1
24,1817111,3,2
199,1801763,5,1
6,1802245,1,2
22,1803148,3,3
71,1808278,5,1
2,26752,1,1
16,1807669,2,2
29,1800501,4,1
29,1828671,4,1
180,1800565,5,1
56,1831784,5,1
10,1815266,2,1
37,1788933,5,1
37,1798375,5,1
0,1405745,0,1
5,1454239,1,1
173,1802097,5,1
105,1147690,5,1
1,21272,1,1
23,826229,3,1
23,1242505,3,1
39,1804286,5,1
0,8442670,0,1
86,1810959,5,1
104,1817652,5,1
19,20153,3,1
1,731904,1,1
49,1785657,5,1
139,1802060,5,1
70,1796186,5,1
66,1809338,5,1
38,54363,5,1
3,6031399,1,1
18,664058,3,1
40,1802497,5,1
28,332834,4,1
56,147335,5,1
4,93618,1,1
4,1870687,1,1
51,1789379,5,1
59,2135207,5,1
0,1752604,0,1
147,1807359,5,1
0,646814,0,1
11,1764877,2,1
65,1924405,5,1
53,1809540,5,1
2,1823122,1,1
8,1018184,1,1
12,1313888,2,1
30,1814821,4,1
13,1562965,2,1
182,1801700,5,1
6,545321,1,1
1,179312,1,1
99,769742,5,1
12,1815172,2,1
14,1824005,2,1
51,1804043,5,1
19,1479157,3,1
2,6073478,1,1
49,1802808,5,2
0,246112,0,2
65,1861054,5,1
3,1720046,1,2
21,1802244,3,2
0,24695,0,1
21,144525,3,1
35,1813421,5,1
13,1036331,2,1
29,1807606,4,1
178,1811202,5,1
2,1776474,1,1
48,1798747,5,2
0,1804746,0,3
7,1625607,1,1
50,1803741,5,1
38,85765,5,1
19,49495,3,1
0,29964,0,1
14,64655,2,1
8,1801364,1,2
1,1781328,1,1
23,1806412,3,1
0,72005,0,1
16,1321806,2,1
26,393892,3,1
41,44738,5,1
87,1802090,5,1
1,1801741,1,1
33,13575928,5,1
27,1797397,4,1
24,1802997,3,1
35,1820207,5,1
1,1805351,1,2
18,1814032,3,1
3,898100,1,1
1,1929362,1,1
3,2902867,1,1
74,500418,5,1
33,739645,5,1
139,1809874,5,3
52,1778636,5,1
15,100857,2,1
54,1251390,5,1
10,15394,2,1
41,3614513,5,1
58,1811364,5,2
75,1801168,5,1
5,1818272,1,1
26,37425,3,1
10,761622,2,1
22,1797821,3,1
107,1807944,5,1
14,2496967,2,1
89,1806879,5,1
7,1262645,1,2
13,572656,2,2
21,669452,3,1
25,1802625,3,2
13,1802151,2,2
8,4506,1,1
33,1807326,5,1
67,1804586,5,2
138,96114,5,1
71,453331,5,1
66,1729225,5,1
176,1806135,5,1
6,613744,1,1
2,340096,1,1
175,1805559,5,1
197,1802762,5,1
0,1745258,0,1
6,608566,1,1
5,1808185,1,1
18,9924519,3,1
0,1275811,0,1
2,596227,1,1
137,1805514,5,1
0,1799357,0,2
38,1802536,5,2
66,3604464,5,2
5,29145,1,1
9,5911963,2,1
104,695961,5,1
25,930863,3,1
10,1815913,2,2
3,600851,1,1
24,27271,3,1
12,1808811,2,1
1,128815,1,1
13,2119709,2,1
68,1801787,5,2
39,20142,5,1
2,1822192,1,2
105,1803305,5,1
24,23105,3,1
41,1799798,5,1
4,1802040,1,1
104,3925860,5,1
5,1052813,1,1
132,1808468,5,1
26,3070516,3,1
68,7322,5,1
36,1155505,5,1
161,2118620,5,1
44,1801109,5,3
11,1816194,2,2
2,103032,1,1
84,1793168,5,1
3,1824109,1,1
0,1811835,0,4
128,1802871,5,2
2,886553,1,1
5,735290,1,1
0,1803297,0,1
36,1807177,5,2
61,9214654,5,2
44,676696,5,2
29,1771895,4,1
28,1260397,4,1
22,2833967,3,1
2,695307,1,1
12,1777013,2,1
71,1799793,5,1
120,1802215,5,1
2,1831309,1,1
5,1783655,1,1
46,223427,5,1
1,23198,1,1
18,20626,3,1
27,1804751,4,2
0,1768625,0,2
22,1803014,3,4
180,1801825,5,1
89,1816880,5,1
14,1597346,2,1
19,1819216,3,2
2,1804361,1,1
5,1812845,1,1
0,147207,0,2
64,1798337,5,2
10,1476183,2,1
24,1812296,3,1
0,476465,0,1
31,1809173,5,1
97,1799756,5,1
28,1808900,4,1
21,1803024,3,1
9,114118,2,1
14,127069,2,1
23,2703215,3,1
72,1798579,5,1
0,1810165,0,1
1,163646,1,1
15,1810129,2,1
1,482136,1,1
10,1803812,2,2
6,1816062,1,1
21,8949317,3,1
2,707947,1,1
73,1802704,5,1
56,1801776,5,1
32,1803973,5,1
195,5685492,5,3
199,1804991,5,1
88,1804036,5,1
140,1744911,5,1
25,961841,3,1
4,524492,1,1
72,1803940,5,1
5,1806381,1,1
27,1813188,4,1
83,1813928,5,1
29,1804091,4,2
0,373039,0,2
25,2717135,3,2
32,1814709,5,2
39,1800034,5,2
0,1318929,0,1
10,388581,2,1
36,691259,5,2
1,1779670,1,1
123,1812924,5,1
28,1813620,4,2
62,769884,5,1
80,1802985,5,2
19,1811581,3,1
3,1044292,1,1
67,1817809,5,1
2,1126164,1,1
9,1806616,2,1
54,1808712,5,1
37,1801569,5,2
0,1105552,0,1
5,1666972,1,1
164,1802177,5,1
1,1977108,1,1
1,5429298,1,1
164,1801980,5,1
32,1520878,5,1
199,912384,5,3
192,1841260,5,1
3,257635,1,1
24,1797309,3,1
21,9588,3,1
58,1392976,5,1
71,1801694,5,2
7,1802584,1,2
132,1804591,5,2
1,1842127,1,1
52,1804045,5,1
1,3937,1,1
17,1802417,2,1
0,1938888,0,1
63,4369,5,1
32,1805813,5,1
6,1464812,1,1
84,1801988,5,1
116,1185194,5,2
13,10158525,2,1
15,1677784,2,1
30,1796287,4,1
12,18230,2,1
49,1805089,5,1
55,1801423,5,2
0,1767820,0,1
6,25804,1,1
49,1816515,5,1
24,1816465,3,1
11,1505754,2,1
119,1807579,5,1
0,2601360,0,1
45,1839304,5,2
2,6741911,1,1
88,1807999,5,2
8,1817319,1,1
20,1803414,3,3
128,2739473,5,1
14,1831975,2,1
95,290397,5,1
5,58965,1,1
72,1804342,5,1
4,1603432,1,1
0,23425,0,1
6,1219471,1,1
67,1806236,5,1
2,1801980,1,2
20,1816084,3,1
13,1810143,2,1
35,1799848,5,1
0,103712,0,1
7,2971149,1,1
36,1796691,5,1
39,578425,5,1
4,1167924,1,1
139,1800107,5,1
13,2033328,2,1
45,1785035,5,1
34,4739,5,1
116,1802777,5,1
75,1805199,5,1
37,1710688,5,15
10,96805,2,1
1,1848981,1,1
24,1802704,3,3
12,56413,2,2
2,28616,1,1
29,619403,4,1
0,1775064,0,1
43,795375,5,1
10,121037,2,1
6,203435,1,1
6,1383273,1,1
0,1683058,0,1
33,1108268,5,1
39,1636882,5,1
21,1811453,3,11
16,1765636,2,1
22,6411953,3,1
33,18955,5,1
14,1710316,2,2
31,612821,5,1
173,1803555,5,1
92,130577,5,1
8,405407,1,1
38,438579,5,1
58,1804263,5,1
198,1800832,5,1
5,1157147,1,1
34,15130,5,1
81,521181,5,1
4,1222146,1,1
190,1800828,5,1
176,1802088,5,1
2,1489707,1,2
13,1361926,2,1
84,1810902,5,1
178,61595,5,1
46,1801736,5,2
0,1601089,0,1
13,48185,2,1
0,1823776,0,1
32,1772618,5,2
36,1330140,5,1
132,169247,5,1
20,1801344,3,1
10,1858864,2,1
75,1806438,5,1
36,943005,5,1
44,3395,5,1
43,1130716,5,1
29,1808684,4,2
0,1188494,0,4
96,1828195,5,1
27,1800836,4,1
95,1801679,5,2
83,8371222,5,2
46,1426727,5,1
115,13238,5,1
2,1232761,1,1
17,1768768,2,1
7,1614191,1,1
71,1840582,5,1
9,1746781,2,1
33,1816322,5,1
15,1819007,2,1
0,9467713,0,1
41,120090,5,1
31,1798677,5,1
47,1812832,5,2
18,2864215,3,1
23,1804000,3,1
6,18603,1,1
4,1419606,1,1
12,316756,2,1
189,1810282,5,1
23,1533078,3,1
69,1799715,5,1
44,984116,5,1
34,1841254,5,1
20,1800223,3,1
0,454014,0,1
7,1798958,1,1
35,1723104,5,1
5,1020696,1,1
87,1779839,5,1
0,1872991,0,1
41,1818079,5,1
19,13719,3,1
81,3088148,5,1
38,1804706,5,3
134,1814784,5,2
99,1803670,5,1
16,401904,2,1
44,1808840,5,2
0,1873250,0,1
17,1807766,2,1
83,1787048,5,1
0,1802719,0,1
65,1806725,5,1
50,2458205,5,1
24,1806534,3,1
1,1816111,1,1
51,1802307,5,1
23,1802234,3,2
147,1803603,5,1
2,22453,1,1
6,1803418,1,10
141,118548,5,1
54,1076032,5,1
25,1804793,3,1
0,2027312,0,1
6,1802991,1,2
7,1805876,1,1
118,1801776,5,1
70,1802961,5,1
127,1819658,5,1
18,1805907,3,1
41,1861546,5,2
200,1804419,5,1
26,1378115,3,1
44,1805356,5,1
77,1232312,5,1
42,1764147,5,1
57,1622596,5,1
70,1818382,5,1
198,4937664,5,1
6,1801815,1,1
42,577121,5,1
11,1796303,2,1
30,1809097,4,2
97,1802298,5,1
18,14803,3,1
22,180174,3,1
107,1806592,5,1
62,1681072,5,1
0,32235,0,1
53,1805636,5,4
99,1800625,5,1
2,1596265,1,1
52,745808,5,1
49,1803474,5,1
32,1803067,5,1
13,1847810,2,1
1,864782,1,1
78,1811722,5,1
4,1841453,1,1
0,2786128,0,1
89,1815471,5,1
41,14610,5,1
1,1816540,1,1
76,2144020,5,2
11,2011517,2,1
19,1267163,3,1
3,1822813,1,1
16,463435,2,1
0,3502755,0,1
48,1804645,5,1
5,127818,1,1
0,1777435,0,1
36,80505,5,1
78,1803250,5,1
27,1784526,4,1
24,255248,3,1
15,575534,2,1
24,1801784,3,4
8,667709,1,1
4,190504,1,1
13,1806717,2,2
28,889177,4,1
3,1809270,1,2
3,1801704,1,3
179,1812050,5,1
7,1822773,1,1
175,1806757,5,1
0,53346,0,1
8,1722422,1,1
6,250029,1,1
0,239094,0,2
28,2536615,4,2
22,310832,3,1
22,1799024,3,2
15,16606,2,1
12,1804335,2,3
29,1822143,4,1
82,1781979,5,1
44,1802090,5,1
76,1804131,5,1
8,13017443,1,1
180,1815611,5,1
0,1839474,0,1
54,1803260,5,3
17,94835,2,1
3,1106636,1,1
11,1801287,2,1
52,3538971,5,1
1,1997787,1,1
6,48313842,1,1
3,1802399,1,2
24,1698394,3,1
49,1773136,5,1
99,1030867,5,1
0,654257,0,1
45,1559093,5,1
37,63121,5,2
34,83577,5,1
17,69987,2,1
48,1819628,5,1
10,1805593,2,1
18,1807851,3,2
26,1804877,3,2
29,4896246,4,1
26,18948,3,1
46,1697383,5,1
0,1811077,0,1
93,7136270,5,1
3,1029397,1,1
34,1843579,5,1
0,1823454,0,6
4,867040,1,1
2,1807004,1,1
168,1790787,5,1
16,1662684,2,2
2,1884730,1,1
47,1801505,5,1
56,1808237,5,1
31,342658,5,1
1,1766912,1,1
37,3418316,5,1
15,1797575,2,2
8,1811727,1,2
0,1001137,0,1
3,918349,1,1
58,1759619,5,1
18,799396,3,1
26,1816478,3,1
53,201265,5,2
37,1683272,5,1
117,1808966,5,1
22,30704,3,1
4,657348,1,1
8,1805462,1,2
44,1775734,5,1
16,1801084,2,2
21,1708927,3,1
19,60228,3,1
108,75174,5,1
6,1821860,1,2
44,1803900,5,1
6,1807092,1,1
125,1807673,5,1
28,1701164,4,1
46,1827008,5,1
25,1802001,3,2
80,1807022,5,1
8,1803092,1,3
135,1797530,5,1
43,467822,5,1
133,29644,5,1
1,1146029,1,1
59,202890,5,2
0,357867,0,1
29,1811724,4,1
29,15125,4,1
23,1893483,3,1
15,1822640,2,1
6,6756975,1,1
32,1804697,5,3
19,206451,3,1
62,1804242,5,1
0,81145,0,1
3,1676001,1,1
55,1804923,5,1
90,56437,5,1
33,1816816,5,1
78,1119820,5,1
23,100855,3,1
2,493981,1,1
97,1722969,5,1
132,1771725,5,1
0,351567,0,1
56,1801996,5,1
2,951416,1,1
15,489467,2,2
131,1804860,5,1
170,1801803,5,1
106,1803090,5,1
62,830173,5,1
7,1761279,1,1
2,320945,1,4
48,1803865,5,1
26,359976,3,1
5,1822332,1,2
108,1808864,5,1
115,1801710,5,1
90,1804697,5,1
6,1512338,1,1
10,598676,2,1
5,1842086,1,1
49,1884498,5,1
15,1812640,2,2
46,1807113,5,1
1,1684697,1,1
42,9441,5,1
4,917696,1,1
138,1803018,5,1
11,1784306,2,1
199,275861,5,1
2,140072,1,1
30,1807513,4,1
0,21551,0,1
35,1790370,5,1
1,1804815,1,2
2,866950,1,1
0,92219,0,1
63,153504,5,1
113,1729373,5,1
0,1802525,0,2
3,1478381,1,1
36,1805374,5,2
88,1801842,5,3
151,5613,5,1
118,1774575,5,1
3,1799044,1,2
40,406729,5,3
10,1543341,2,1
101,1807433,5,1
0,70143,0,1
4,1810570,1,1
3,2994327,1,1
11,1801291,2,2
8,1801089,1,2
3,2254702,1,1
2,535696,1,1
19,1755642,3,3
71,11315,5,1
0,1830205,0,1
150,1799224,5,1
20,1800575,3,1
57,1803359,5,1
5,992747,1,1
22,8144,3,1
26,16538,3,1
11,1848998,2,1
45,6196291,5,1
35,1977099,5,1
84,556183,5,1
78,1776726,5,1
33,1805855,5,1
31,1984967,5,2
5,1810110,1,1
65,1806565,5,1
27,1337829,4,2
8,13628391,1,1
60,1697383,5,1
8,3201697,1,1
55,37923,5,1
60,1807258,5,1
32,1786526,5,1
54,1803165,5,1
0,956617,0,1
13,579829,2,2
3,40599,1,1
18,10507,3,1
4,1802234,1,2
61,1806171,5,1
53,103866,5,1
38,1457036,5,1
1,1802748,1,1
31,1802302,5,2
14,1270780,2,1
0,215141,0,1
21,1678130,3,1
110,1802843,5,1
0,3610583,0,2
0,21368183,0,1
48,1802015,5,2
48,460862,5,1
150,80810,5,1
4,1350609,1,1
18,1803456,3,2
5,26484,1,1
55,1617484,5,1
8,348142,1,1
18,800249,3,5
23,175357,3,1
124,1801967,5,1
200,1801896,5,1
0,995771,0,1
23,261483,3,1
153,1824078,5,2
1,318854,1,1
117,1801334,5,2
11,1804962,2,1
51,1805293,5,2
35,1802463,5,1
45,1511325,5,1
13,4479,2,1
0,1805132,0,2
16,1810862,2,1
0,1472280,0,1
2,90541,1,1
59,59150,5,1
127,1457247,5,1
200,1798407,5,1
7,19068,1,1
12,1786586,2,1
200,1813270,5,1
2,1807040,1,1
29,1808704,4,3
47,436082,5,1
29,22884,4,1
9,1026641,2,1
14,23985,2,1
18,1799914,3,1
194,1803982,5,1
58,1732172,5,1
51,877548,5,1
56,1830645,5,1
8,1798258,1,1
0,177545,0,1
75,1803548,5,1
67,1804899,5,1
9,216453,2,1
41,6161305,5,1
82,1814613,5,1
29,1807901,4,1
1,36733,1,1
177,1798957,5,1
85,1800066,5,1
2,744792,1,1
4,1804098,1,2
52,1804738,5,1
13,20678,2,1
8,343079,1,1
46,21182,5,1
13,1762957,2,1
11,1802415,2,1
194,1803116,5,1
34,71801,5,1
10,19517,2,1
15,1822874,2,1
13,121665,2,1
66,1797092,5,1
98,1819239,5,1
0,133048,0,1
35,1803328,5,1
4,322007,1,1
0,38283,0,1
19,79200,3,1
3,5109885,1,1
154,21444,5,1
26,1796428,3,1
64,1648888,5,1
187,1802566,5,1
7,8796,1,1
64,1803817,5,1
0,1665812,0,1
17,1812853,2,1
104,519786,5,1
2,1792008,1,1
19,1533378,3,1
0,1826483,0,2
27,57347,4,1
24,130464,3,1
57,1806712,5,1
197,1805036,5,1
18,1817634,3,1
16,8385,2,1
1,1824161,1,2
11,1162599,2,1
42,1807266,5,2
4,1875442,1,1
13,231863,2,1
28,1799736,4,2
58,777337,5,1
17,1846608,2,1
3,1499955,1,1
0,1650226,0,1
74,1811811,5,1
68,967109,5,1
69,1813697,5,3
1,1699998,1,1
4,1810505,1,2
2,711890,1,1
34,1258116,5,1
54,946923,5,1
26,1801384,3,2
23,194818,3,1
44,1075970,5,1
0,1344409,0,1
35,1825714,5,1
8,1802249,1,4
4,178456,1,2
119,1801447,5,1
4,1266146,1,1
1,1800150,1,1
95,676206,5,1
1,1822280,1,2
10,111057,2,1
18,1295975,3,1
38,1804396,5,1
59,1822927,5,1
24,10709,3,1
48,1814177,5,1
34,246270,5,1
70,1857799,5,1
4,1788298,1,1
2,1857372,1,1
120,52632,5,1
25,1800816,3,1
31,1585648,5,1
3,225332,1,1
2,1802415,1,1
3,944519,1,1
21,1900983,3,1
69,1802601,5,9
39,846376,5,1
97,1802135,5,1
5,434344,1,1
25,1865391,3,1
133,1810729,5,1
22,1798315,3,1
109,1776703,5,1
28,1803940,4,1
3,1821010,1,2
28,1819327,4,1
35,2013163,5,1
3,1807935,1,1
22,259643,3,1
114,1802741,5,1
13,2268474,2,1
0,367298,0,1
96,1815318,5,1
1,910394,1,1
1,1824807,1,1
3,266601,1,1
25,2706020,3,1
11,799934,2,1
169,1802052,5,1
33,1003353,5,1
50,1802527,5,1
2,1754178,1,1
46,1797369,5,1
58,1805920,5,1
35,1846229,5,2
64,2610474,5,1
51,1798209,5,1
118,1809131,5,2
33,1801792,5,1
7,132215,1,1
0,1761297,0,2
67,1802823,5,2
22,1832053,3,1
44,1767337,5,1
28,1803835,4,2
8,459237,1,1
16,1002930,2,1
87,1807305,5,1
8,5464,1,1
1,1788095,1,1
0,128486,0,1
7,1605708,1,1
20,16830149,3,1
65,1804774,5,1
31,1875111,5,1
8,25989668,1,1
9,851576,2,1
29,1803392,4,3
29,1048653,4,1
181,1831346,5,1
7,1798203,1,2
6,1820030,1,2
172,1802717,5,1
18,1796906,3,1
77,1810520,5,2
19,1802303,3,2
1,9518,1,1
175,1869822,5,2
21,1800145,3,1
11,1786588,2,1
14,1819683,2,2
0,1798466,0,2
24,1804181,3,2
45,6136912,5,1
44,961039,5,1
35,1750128,5,1
0,20138618,0,1
12,2669906,2,1
1,1653213,1,1
195,951601,5,1
84,1810307,5,1
43,1802937,5,1
30,1834579,4,1
136,1815203,5,1
193,1803010,5,1
20,1807958,3,1
42,1822770,5,1
0,1606807,0,1
15,1828035,2,1
14,65539,2,1
29,1801719,4,1
13,1804988,2,4
38,1802277,5,3
56,1772079,5,2
55,1649008,5,2
18,46519,3,1
42,1802351,5,1
32,1751098,5,1
26,393739,3,3
42,360246,5,1
0,500009,0,1
65,1802188,5,1
37,620782,5,1
56,1866784,5,1
35,1803211,5,2
72,1802448,5,1
35,1766644,5,1
44,1797367,5,1
64,1319314,5,1
182,3010846,5,1
19,125383,3,2
160,724601,5,1
3,607354,1,1
25,1792850,3,1
21,1880944,3,1
59,5901,5,1
10,918060,2,1
0,184262,0,1
103,1813071,5,1
29,390648,4,1
0,24618,0,1
11,1600698,2,1
27,1803494,4,3
49,1801949,5,1
41,1819406,5,1
24,1813297,3,1
25,1474991,3,1
140,1802427,5,1
53,1843230,5,2
18,93938,3,2
7,1779035,1,1
3,448408,1,1
1,1814842,1,1
28,1803014,4,1
40,1813863,5,1
0,6355,0,1
0,65309,0,1
0,1638591,0,1
199,103013,5,1
22,1803905,3,1
102,1650641,5,1
158,1801522,5,1
9,682831,2,1
0,217095,0,1
87,1847185,5,1
31,395640,5,1
93,1804739,5,1
18,620695,3,1
136,1801558,5,2
0,1197432,0,1
23,1806636,3,1
4,1826619,1,1
166,7775300,5,2
47,1802787,5,3
11,402544,2,1
45,1794446,5,1
16,1809209,2,1
13,1819546,2,1
9,249363,2,1
9,15734266,2,1
7,532437,1,1
105,1421874,5,3
0,1402742,0,1
136,1806745,5,3
1,1753956,1,1
4,3539635,1,1
37,1801963,5,2
41,550583,5,1
9,399344,2,2
93,1801751,5,2
59,1807934,5,1
2,1271169,1,1
53,1817267,5,1
30,1807919,4,1
84,1821216,5,1
3,116809,1,1
13,1799476,2,1
66,1177788,5,1
76,827140,5,2
29,1810375,4,1
0,782942,0,7
74,1819963,5,2
56,1305345,5,1
9,6349,2,1
5,1807002,1,1
38,1810978,5,1
44,1815320,5,1
87,1808902,5,5
27,1653312,4,1
53,23635,5,1
11,56740,2,1
17,1784378,2,1
33,1795573,5,1
1,1817174,1,1
49,1769227,5,1
3,1747925,1,2
5,1738282,1,1
4,1804952,1,1
0,1746420,0,1
152,1802258,5,1
68,106296,5,2
161,48926,5,1
11,200851,2,1
67,1805611,5,1
11,1805384,2,2
42,62164,5,1
29,1768481,4,1
14,1398772,2,1
19,1861364,3,1
11,1636174,2,1
12,465706,2,2
13,1365403,2,1
23,1801489,3,2
1,1083591,1,1
19,1746595,3,2
58,58000,5,1
173,1546649,5,1
8,1451915,1,1
7,1929461,1,1
3,1551270,1,1
26,39168,3,1
3,85143,1,1
2,1812567,1,1
53,1804190,5,3
9,1804150,2,2
119,1147648,5,1
0,132434,0,1
12,1803720,2,2
9,334752,2,1
8,24240,1,1
3,79187,1,1
32,1799177,5,4
18,248557,3,1
18,2473472,3,1
2,1783648,1,1
16,1801785,2,4
0,65345,0,1
8,1515264,1,1
4,1205521,1,1
0,625245,0,1
54,1630775,5,7
52,2581941,5,1
30,86957,4,1
1,2440162,1,1
5,1902224,1,1
0,47719,0,1
19,983785,3,1
20,1791986,3,1
10,6952,2,1
35,1808206,5,1
7,451710,1,2
0,1442566,0,2
7,1817357,1,1
29,13836,4,1
99,1789064,5,1
35,7441,5,1
13,1046670,2,1
144,1268976,5,1
0,29965,0,1
14,1817019,2,1
85,1804253,5,1
3,658674,1,1
8,1808998,1,2
51,44672,5,1
51,30124,5,1
0,14402156,0,1
120,1802615,5,1
16,121799,2,2
108,2163344,5,1
3,1373099,1,1
5,270076,1,1
0,1685568,0,2
0,1807056,0,1
7,1804511,1,2
1,56567,1,1
30,1799388,4,2
127,1804026,5,2
20,1842560,3,1
64,1801339,5,1
12,1823125,2,1
95,1801862,5,1
20,1798596,3,1
193,425976,5,2
6,1044539,1,1
62,1806626,5,1
0,183864,0,2
2,1651028,1,1
76,1837651,5,1
12,2967,2,1
1,13462,1,1
11,555005,2,1
4,529058,1,1
0,255831,0,2
1,2582804,1,1
13,19802,2,1
40,15501,5,1
40,1810251,5,1
5,13566,1,1
28,498022,4,1
129,1802889,5,1
46,113756,5,1
1,1837212,1,1
11,1809422,2,1
9,8589,2,1
13,1695303,2,1
31,1801836,5,1
8,1827328,1,1
4,1449587,1,1
0,72074,0,1
16,1813784,2,1
6,49346,1,1
2,389559,1,1
55,9559,5,1
0,148517,0,1
3,1169155,1,1
10,19387,2,1
5,216724,1,1
28,13609,4,1
45,1793534,5,1
71,1952825,5,1
159,1814817,5,1
7,3139,1,1
141,1803202,5,1
167,1808558,5,1
65,1771528,5,1
4,264607,1,1
5,16987,1,1
200,1811970,5,2
22,113449,3,1
4,52220,1,1
7,1804065,1,1
40,1805105,5,3
16,1763829,2,1
33,1592157,5,1
33,165074,5,1
15,1864754,2,1
28,1191332,4,1
15,1802249,2,9
72,1801671,5,2
105,1810779,5,1
83,1823370,5,1
0,399070,0,1
50,3520344,5,1
6,1816970,1,2
96,1816969,5,1
47,1818524,5,1
13,1681229,2,1
17,299417,2,1
6,322240,1,1
27,1806528,4,1
35,1755577,5,1
120,1802534,5,2
0,2010284,0,1
58,1838664,5,1
19,1282647,3,1
60,12599345,5,1
9,91566,2,1
193,79323,5,1
6,52816,1,1
11,6871414,2,1
2,57600000,1,1
28,322974,4,1
14,2818991,2,2
65,991992,5,1
15,1801062,2,1
89,560022,5,1
10,1809942,2,1
89,1799454,5,1
12,1805878,2,2
3,165068,1,1
35,1813518,5,4
85,1835531,5,1
197,19585,5,1
34,1802418,5,2
108,1801579,5,1
79,1811961,5,1
27,1807455,4,1
31,41218,5,1
24,1787488,3,1
33,1802997,5,1
2,1796449,1,1
22,1731099,3,1
194,1801298,5,1
17,1802839,2,2
24,321938,3,1
18,1736245,3,1
92,1817960,5,1
12,1818815,2,1
12,1537547,2,1
27,1772117,4,1
14,1801234,2,1
30,1808097,4,1
63,223473,5,1
73,1803787,5,1
86,1794872,5,1
192,114983,5,1
2,1802655,1,2
4,333602,1,1
6,1177364,1,1
8,181218,1,1
8,1686069,1,1
6,21701,1,1
6,1807500,1,2
87,750938,5,1
5,1179585,1,1
6,971434,1,1
28,9561177,4,1
35,983153,5,2
43,1804169,5,1
41,1803143,5,2
71,4043753,5,1
0,1808686,0,1
3,1719068,1,1
17,45227,2,1
7,53965,1,1
6,1808926,1,2
74,1802609,5,1
1,3526132,1,1
27,1832562,4,1
2,279408,1,1
50,1817682,5,1
24,2486425,3,2
7,1140058,1,1
85,1818478,5,1
26,1802030,3,1
77,1801081,5,1
32,1836347,5,1
1,1800797,1,1
115,1802892,5,1
6,1817783,1,1
30,1789039,4,2
197,1809550,5,1
6,2180035,1,1
82,2761977,5,1
17,653255,2,1
4,1855676,1,1
37,77631,5,1
7,1802091,1,3
4,954912,1,1
180,1806811,5,1
24,1788146,3,1
24,1814332,3,1
52,1800302,5,1
0,1733049,0,1
94,1806685,5,1
8,1800180,1,1
33,2289382,5,2
26,920282,3,1
38,1805015,5,2
41,1818311,5,1
33,4496063,5,2
2,1819686,1,1
17,73925,2,1
51,1802211,5,2
5,1793265,1,3
10,9115,2,1
80,1809944,5,1
39,328108,5,1
7,346985,1,1
87,1802979,5,1
8,57985,1,1
83,1813039,5,1
1,416139,1,1
3,16186,1,1
28,1877048,4,1
0,454769,0,1
43,1807921,5,1
64,1815427,5,1
27,1805290,4,2
56,1815423,5,1
50,1810330,5,1
6,17789,1,1
7,1797665,1,1
4,1152363,1,1
57,1803078,5,2
0,1866456,0,1
16,1788536,2,3
40,181166,5,1
146,1806028,5,1
7,175196,1,1
0,1770471,0,1
12,1830104,2,1
20,1808024,3,1
9,1820834,2,3
32,5362979,5,1
51,1770107,5,1
15,1803967,2,2
26,1179998,3,1
0,1809616,0,1
0,1314610,0,1
16,1811414,2,1
3,1821857,1,1
89,1806988,5,1
70,54596,5,1
62,1806477,5,1
9,43859,2,1
6,1835406,1,1
2,1800409,1,1
8,11755,1,1
41,1404171,5,1
95,484629,5,1
0,1804297,0,2
167,1820322,5,2
1,909419,1,1
27,209159,4,1
41,1250815,5,1
0,131423,0,1
73,1814917,5,1
11,1819502,2,1
0,1945488,0,1
135,1762806,5,3
4,1802696,1,3
83,1939039,5,2
103,211031,5,1
32,107278,5,1
59,18334,5,1
15,1814457,2,1
15,1803808,2,1
0,1748566,0,1
23,47445,3,1
1,1797093,1,1
101,1829801,5,2
0,1801551,0,4
33,1804452,5,1
85,1804415,5,2
5,128354,1,1
19,1291520,3,1
103,1808222,5,1
96,1790388,5,1
3,3402,1,1
80,1804972,5,3
14,243189,2,1
0,1845786,0,2
65,259840,5,1
52,1783990,5,1
92,1805030,5,1
135,1132706,5,1
24,1281608,3,1
141,1764168,5,1
9,2035601,2,1
0,233338,0,1
12,42347428,2,1
64,1753473,5,1
185,1804288,5,1
0,74155,0,1
74,1808950,5,3
76,1804923,5,1
6,1384655,1,2
71,914903,5,1
195,19643,5,1
180,1803516,5,1
177,1817501,5,1
60,1803461,5,1
3,12312475,1,1
10,1343324,2,1
0,43793,0,1
7,1798487,1,1
6,1080576,1,3
0,38606,0,1
32,543879,5,1
39,2640158,5,1
0,1433317,0,1
3,4472947,1,1
0,93342240,0,1
19,2609,3,1
2,26241,1,1
128,558845,5,1
25,383139,3,1
1,1503644,1,1
123,1803170,5,2
131,28851,5,1
16,1802306,2,1
21,1800589,3,1
192,1788749,5,2
12,5235,2,1
40,1812790,5,1
82,1799813,5,3
90,1825346,5,2
2,36829,1,1
2,1821653,1,1
68,1810384,5,1
115,1802831,5,2
47,1750169,5,2
17,1802126,2,1
2,26926,1,1
125,1810930,5,1
6,1809117,1,1
25,106014,3,1
6,14619,1,1
0,1688854,0,1
4,2556453,1,1
4,99453,1,1
76,1803497,5,1
0,1803466,0,4
0,4454552,0,1
102,1800566,5,1
52,10195,5,1
12,1813857,2,1
61,1810469,5,1
149,208359,5,1
5,103376,1,1
93,1820198,5,1
189,1804535,5,2
41,265149,5,1
56,1810244,5,1
7,1811924,1,1
60,1804887,5,1
51,1803160,5,2
